3 6 20 1 
-0.0100375    -0.5032  -0.247523  -0.117862   0.065347  -0.432464
  0.440763  -0.599122   0.282739   0.401661 -0.0945486    0.33824
 -0.357052 -0.0374634   0.299639    0.19082  -0.369643  -0.387702
  0.679675  -0.414621  -0.348912    0.58957   0.443543   0.284245
 0.0313249  -0.302216   0.216663 -0.0201187  -0.458247  -0.491291
  0.789159   0.466868  -0.691467  -0.240385  -0.472313   0.518661
 -0.374104   0.481766   0.078059   0.457773  0.0141186  -0.516451
  0.420926   0.395992   0.443644   0.465522    0.30146  0.0247699
 -0.247252   -0.26985   0.377986  -0.406198   0.559545  -0.373886
 -0.235781   0.119028 -0.0445888   0.426471   0.511396  -0.299124
  0.919425  -0.170155   -0.69788    0.26932   0.169626   0.343502
  0.353315   0.297994   0.521355  -0.116078  -0.126751   0.268611
 -0.492983  -0.008583  -0.177499   0.129481   0.287984   0.180461
   0.38486   0.188762   0.285355  -0.277914  -0.145156   0.539644
  0.245765  0.0487249   0.403097   0.378717  -0.250283   0.161204
 -0.480626  -0.531935   0.103918  -0.222917  -0.308984   0.299917
 -0.357737  -0.065203   0.189375 -0.0586499  0.0977899  -0.469313
  0.506868    0.48905   0.218494  -0.252163  -0.316443  -0.421713
  0.782497     0.4381  -0.287129   -0.30383  -0.430337  0.0225035
  -0.62773   0.368355    0.78362  -0.319025   0.309195  -0.485427

 -0.270877  -0.132924  -0.339687   0.722665   0.045739   0.890788  -0.405257  0.0216777   0.310458  -0.199902    1.09718  -0.129476   0.307845 -0.0559607   0.203376  -0.275885  -0.318826   0.370001   0.651157  -0.958266

 5.42356e-05   -0.0472551    0.0119773    0.0946029  -8.4059e-06   -0.0806033    0.0182482  -0.00970027 -0.000440461    0.0769654   -0.0274275  -0.00264776   -0.0242711  -0.00516668    0.0128725  6.10952e-05   0.00716515   -0.0100947   -0.0624803      0.11918

-0.0205083


