3 6 20 1 
  -0.010872    -0.50288   -0.247401   -0.117741   0.0653712   -0.432459
   0.438083   -0.609908    0.269695    0.384292  -0.0962275    0.338089
  -0.486375 -0.00127987    0.416102    0.227106    -0.36432   -0.387194
     0.9197   -0.482276   -0.559965    0.646916    0.429797    0.283296
  0.0314678   -0.302271    0.216642   -0.020138   -0.458252   -0.491292
    1.06515    0.368991   -0.757529   -0.254445   -0.494781    0.517287
  -0.567408    0.560308    0.145152     0.44829   0.0297959   -0.515349
    0.44427    0.407165    0.431989    0.441173    0.298051   0.0249267
  -0.246219   -0.269858    0.378202   -0.406306    0.559518   -0.373886
  -0.373776      0.1849  0.00485285    0.419232    0.522478   -0.298199
    1.14269   -0.235169    -1.02522      0.4203    0.157893    0.342589
    0.35576    0.301363    0.496358   -0.129521   -0.129611    0.268658
  -0.494732  -0.0233754   -0.180701    0.107362     0.28819    0.180253
   0.401625    0.143724    0.244814   -0.314702   -0.151421    0.539012
   0.326628   0.0335186    0.393774     0.35432   -0.253892    0.160991
  -0.481476   -0.531609    0.104045   -0.222796   -0.308959    0.299921
  -0.358553  -0.0591451    0.192759  -0.0575296   0.0978873   -0.469228
   0.655399    0.425556    0.168423   -0.290863   -0.326046   -0.422604
    1.00501    0.344485   -0.367373   -0.330889   -0.450109   0.0211896
  -0.880038    0.466516    0.839832   -0.318454    0.332166   -0.484049

 -0.270149 -0.0944889  -0.562775    1.09282  0.0461548    1.16298  -0.663163  0.0645897   0.309998  -0.400901     1.5283 -0.0527057   0.306457  0.0803243   0.253538  -0.276666  -0.320489   0.514518    0.91962   -1.22405

  0.00039168   -0.0586088    0.0500652    0.0233871 -6.57199e-05    -0.183632     0.100925   0.00206068 -0.000448889     0.146303   -0.0958635  0.000898238   -0.0398421   -0.0525753  -0.00313405  0.000404083    0.0135419   -0.0769309    -0.161022     0.222508

-0.145238


