3 6 20 1 
-0.00959357   -0.502488    -0.24867   -0.117412   0.0652479   -0.432454
   0.462508   -0.648113    0.219739     0.29874  -0.0958211    0.337553
  -0.364033   0.0366272    0.181299    0.260714    -0.37738   -0.386662
    0.51944    -0.41463  -0.0833325    0.526431    0.461971    0.284245
  0.0312557   -0.302339    0.216854  -0.0201947   -0.458231   -0.491293
    0.54211    0.445006   -0.411653   -0.320633     -0.4417    0.518354
  -0.372062    0.562461  -0.0280017    0.510109  0.00499977   -0.515319
   0.412846    0.342951    0.418118    0.444317    0.299587   0.0240255
  -0.247678   -0.270309    0.379661   -0.406686    0.559659   -0.373892
  -0.316445    0.150006  -0.0948367    0.475062    0.509489   -0.298689
   0.708117    -0.19102     -0.3149    0.170583    0.198106    0.343209
   0.395571    0.263797    0.449629    -0.11464   -0.134606    0.268131
  -0.496191  -0.0223223   -0.179826    0.111003    0.288136    0.180268
    0.40253    0.141366    0.211394   -0.317795   -0.150658    0.538979
   0.246877  -0.0699819    0.473533    0.329141   -0.245676    0.159538
   -0.48017   -0.531223    0.102761   -0.222462   -0.309085    0.299927
  -0.607015    0.150934    0.228425    0.321483    0.106814   -0.466279
    0.43255    0.370409    0.357442   -0.321643   -0.304678   -0.423378
   0.619003    0.377629    -0.11269   -0.386246   -0.409994   0.0216548
   -0.47932    0.421157    0.567809   -0.143499    0.276225   -0.484685

  -0.27036 -0.0435592  -0.317835   0.369696   0.047275   0.375616  -0.540733 -0.0122795   0.314072  -0.370724   0.613785 -0.0143726   0.309164 0.00616763   0.280899  -0.273035  -0.701472   0.326796   0.353973  -0.610482

 0.000803414   -0.0988245    0.0899674    0.0945933 -0.000137662    -0.103617     0.103191   -0.0655325 -0.000924192     0.109573   -0.0493911    -0.038645   -0.0387336   -0.0550575    -0.112082  0.000811123     0.234677     -0.13498    -0.126134     0.174762

-0.295037


