3 6 10 1 


  0.371466 -0.0504835  -0.566382 0.00249162  0.0310146  0.0296746
-0.0747242   0.178748  -0.294863    0.39537   0.310884  -0.477561
  0.371094  -0.106884  -0.400547   0.154094   -0.11567   -0.35471
  0.390576  0.0478722   0.357787  -0.230917   0.451461   0.188933
  0.454984   0.506117  -0.401875   0.154197  -0.250008   0.450376
 -0.343877   0.484364  -0.113596  0.0286069   -0.17044   -0.17443
 -0.190443   0.157676  -0.427282 -0.0066711   0.355359  -0.503238
  0.346197   0.275437  -0.447235   0.548266   0.483316  -0.553885
 -0.256589  -0.413831   0.576111  -0.239579  -0.496804 -0.0488417
 0.0833282   0.137637   -0.32298   0.315073   0.518537  -0.504295

-0.222738  0.423787  0.376049  0.370963  -0.10482 0.0328112 -0.112505  0.298892 0.0105806  0.168901



-0.0256672  0.0315164  0.0518418  0.0341033  -0.016919 0.00398247  0.0010209  0.0258144 1.1281e-05  0.0148631

0.0988174


