3 6 12 1 
 -0.656094  -0.496753  0.0101416  0.0745086    1.73968  -0.165043
-0.0925623   0.448608   0.781876   0.547559    1.21749   0.312796
  0.509203   0.178889   0.218139   0.407587   -1.66968   0.338585
 -0.120126  -0.398046   0.769857   0.362817    1.69188   0.434597
 -0.713367   -0.48313 -0.0604564  -0.201283    1.25365   -0.18903
 -0.322683   0.136084   0.331176   0.332327    1.56252  -0.315497
  -0.68602   0.370593   0.206573   0.231281    1.86485    0.43118
  0.387629  -0.492995  -0.107738   -0.32187  -0.702499  0.0853261
 -0.898499  -0.544812     0.2507   0.262772    1.60394  -0.461436
 -0.873511  -0.641189   0.359735  -0.312396    1.77008   0.228672
  0.664337 -0.0387607 -0.0987416 -0.0297708   -1.04319   0.146289
   1.14451  -0.266653  -0.633708   0.359431  -0.952268   0.105585

 -0.17491 -0.187369  0.299642 -0.756109 -0.239064  -0.62948  -1.05677  0.146266 -0.397196  -0.35826  0.578621   1.22888

 -0.0624828 -0.00492236     0.15265   0.0197712   -0.172466  -0.0286699  -0.0232903   -0.340475   -0.104905   -0.156723  0.00393331    0.174339

0.113678


