3 6 12 1 
 -0.544213  -0.602181  -0.132167 -0.0538414    2.16416  -0.259936
  0.104174   0.476799   0.769241   0.597588    1.69167   0.336616
   0.36635   0.222931   0.324923   0.479519   -2.13458   0.387764
 0.0401687  -0.406842   0.704974   0.356238    2.22035   0.452568
 -0.581969  -0.544942  -0.174012  -0.280167    1.69302  -0.240747
 -0.161523   0.104147    0.25647   0.309032     2.0053  -0.361956
 -0.464452   0.374669   0.109967   0.173594     2.1206   0.437235
 -0.506013  -0.755754 -0.0603878   -0.57392    1.64577  -0.150686
 -0.751493  -0.593316   0.161856   0.215565    2.00913  -0.508665
 -0.743519  -0.703821   0.263212  -0.385606     2.2261   0.194474
   0.52601 0.00868863 0.00295692  0.0498653   -1.20586   0.199532
   1.01257  -0.238803  -0.552948   0.413737   -1.36554   0.145473

 -0.154761  -0.149501    0.33216  -0.723986  -0.237223   -0.59694  -0.783703 -0.0605216  -0.353645   -0.33451   0.375971    1.03751

 -0.153948 0.00868569   0.195849  0.0244091  -0.224289 -0.0659047  -0.031879  -0.598336  -0.139263  -0.203777  0.0527555   0.216368

0.14576


