3 6 10 1 
    -1.48186    0.0788223     0.257345    -0.731959     0.927802    0.0787176
    -0.86611   -0.0504795    -0.478539   -0.0107876    0.0195144   -0.0506962
    -2.27332     0.162213      0.57805      0.39706    -0.246974      0.16217
    -1.97842     0.190665    0.0216212     -1.01162    -0.368707     0.190572
    0.725203     -0.36056    -0.499004     -0.64088      1.82784    -0.360571
    -1.15315     0.118409     -0.51902    -0.946023     0.480049     0.117889
 -0.00375528   -0.0575629     0.114998    -0.178595   0.00413301   -0.0577433
   -0.694579   -0.0127401     0.167245 -0.000672031     -0.10702   -0.0129622
   -0.708075   -0.0465073    -0.364293      -1.4672     -1.33147   -0.0466951
   -0.110075   -0.0634034    -0.190252     0.605004    -0.402744   -0.0636416

 -0.577022   -0.18823    -1.9429  -0.832518  0.0840873  -0.541643 -0.0180316  -0.141691  -0.655143   0.476836

 0.0788224 -0.0504794   0.162213   0.190665   -0.36056   0.118409 -0.0575628 -0.0127399 -0.0465072 -0.0634032

0.356402


