3 6 20 1 
 -0.205285  -0.555949   -0.17512  -0.158135   0.660694  -0.487688
  0.429407  -0.550512   0.302952    0.40109   0.143736   0.308493
 -0.428849  -0.126752   0.195552   0.149854   0.198837  -0.452693
  0.533497  -0.342232   -0.17299   0.528459 -0.0707964   0.415178
  0.130573  -0.244173   0.243795  -0.073328  -0.618288  -0.426595
  0.498611    0.59546   -0.43523  -0.269625   -1.01478   0.572656
 -0.294243   0.390701  0.0106851   0.468129   0.593443  -0.552965
  0.256197   0.338052   0.503878   0.438226   0.888292 -0.0277342
-0.0958161  -0.187622   0.432034  -0.282279    0.30057  -0.288251
 -0.206918  0.0734374 0.00762323   0.428844   0.881919   -0.25941
  0.542744 -0.0573317  -0.356406   0.203799  -0.390229   0.412003
  0.285074   0.235206   0.517324  -0.105838   0.469519   0.204561
 -0.343711  0.0588369  -0.216559   0.214811  0.0971952   0.218638
  0.333866   0.153544   0.277058  -0.219492   0.465087   0.486376
  0.228549   0.108398   0.444046   0.364171  -0.826706   0.228178
 -0.657487  -0.583166   0.163337  -0.258819   0.300934   0.217159
 -0.538548  -0.139627   0.240565  -0.102862   0.692433  -0.521702
  0.379486   0.551409   0.333995  -0.258973  -0.882264   -0.33368
  0.638769    0.55773  -0.125616  -0.295611  -0.985432   0.101704
 -0.307713   0.250831   0.566579  -0.193955   0.854037  -0.462983

-0.326608 -0.175667 -0.253671  0.381986  0.208596  0.345001 -0.271728 -0.172119  0.171803 -0.188425  0.550927 -0.192102  0.271188 -0.168055  0.263113 -0.373345 -0.487607  0.328157  0.199767 -0.380494

-0.0719101 -0.0174416 -0.0797747   0.143001   0.046498  0.0727662  -0.055998  -0.051685  0.0715233  0.0292789  0.0812655 -0.0538311  0.0449151 -0.0327329  0.0732955 -0.0714828 -0.0703667  0.0718057  0.0792653  0.0054376

0.0651155


