3 6 8 1 
 0.0988211  -0.202139  -0.276757  -0.279151  -0.156989   -0.20102
  0.437892  -0.225105   0.105963   0.519421   0.363426   0.220652
 -0.345589   0.307481   0.372129   0.441569    0.20812   0.113805
  0.421329   0.533769 -0.0941981   0.429928  -0.703541  -0.118545
-0.0779559  -0.547579   -0.58422  -0.294937  0.0993737   0.166098
  0.420296   0.569446   -0.47333  0.0712933    0.32697     -0.335
-0.0418438  0.0525948 0.00530972  -0.138755   0.378428 -0.0465779
  0.501154  -0.461907  -0.464446   0.306023   0.105641    0.45489

  0.281068 -0.0883869  -0.240391   0.450392   -0.20995   0.238559   0.393493   0.149287

  0.048042 -0.0547558 -0.0478121  0.0499682 -0.0508263   0.050661  0.0225811  0.0160259

0.049215


