3 6 20 1 
 -0.0908438    -0.57258   -0.264113   -0.171742    0.285729   -0.502245
   0.511914   -0.551903      0.2698    0.386789   0.0320128    0.331015
  -0.305026     -0.1081     0.15624    0.168136   -0.156284   -0.443085
   0.373243   -0.427249   -0.155885    0.522233    0.305655    0.351241
  0.0686866   -0.266574    0.243051   -0.012092   -0.511837   -0.454627
    0.39183    0.612529   -0.363259     -0.2684   -0.648381    0.589087
  -0.196133    0.385471  -0.0850962    0.459412    0.216206   -0.584459
   0.365063    0.327281    0.417497    0.425339     0.51877   -0.048684
  -0.178998   -0.207872    0.417765   -0.350338     0.46646   -0.311462
  -0.208879 -0.00499215   -0.170269    0.388308    0.578238     -0.3471
   0.435866  -0.0651757   -0.289396    0.217376  -0.0101321    0.417221
   0.396297    0.223593    0.432542   -0.132094   0.0881019    0.192098
  -0.413777   0.0887683   -0.165003    0.206879    0.169639    0.252849
   0.436285    0.130229    0.193047   -0.279785   0.0633128    0.472328
   0.113282    0.111236    0.539043    0.382367    -0.45643    0.234348
  -0.556041   -0.600986    0.083318    -0.27559  -0.0843242    0.221791
  -0.434791   -0.146175    0.161762   -0.116195    0.317779    -0.53873
   0.269858    0.568027    0.427333   -0.256846   -0.513232   -0.341699
   0.529862    0.567786  -0.0503224   -0.300063    -0.61836     0.09906
  -0.217894    0.233444     0.48382   -0.232394    0.482428   -0.500235

-0.335175 -0.172606 -0.108802  0.237441 0.0421201  0.258406 -0.214845 -0.154851   0.22541 -0.115619  0.350294 -0.177733   0.28267 -0.204178  0.283075 -0.343994 -0.397394  0.328981  0.141961 -0.199646

 -0.0750684 -0.00399513  -0.0598151   0.0714902   0.0321879   0.0752861  -0.0736616  -0.0733043   0.0584859  -0.0503798   0.0772793  -0.0734891    0.074459  -0.0612331    0.075156  -0.0750606  -0.0749868    0.075074   0.0760038  -0.0187799

0.0744932


