3 6 12 1 
  -0.738899   -0.398279  -0.0172709   -0.116981     1.91329   -0.150515
  -0.191938    0.485358    0.607735    0.270259     1.47551    0.383936
    0.62661    0.147573    0.216013     0.48476    -1.84438    0.266825
   -0.33166    -0.30151    0.875358    0.371415     1.76918    0.320236
  -0.782936   -0.385199  -0.0935525   -0.326856     1.53843   -0.165671
  -0.406363    0.186112    0.233631    0.094868     1.71204   -0.151098
  -0.814352    0.240784    0.485558   0.0557445     2.34127    0.286023
   0.803677   -0.109161   0.0984154   0.0482288    -1.42786    0.321347
  -0.894987   -0.396596    0.163441   0.0337233     1.76711   -0.334114
  -0.883175   -0.480137    0.234386   -0.406948     1.92195     0.16931
  -0.501331   -0.144822    0.125706   -0.196567     1.56683 -0.00646282
    1.05436   -0.244393   -0.456508    0.433713    -1.29426   0.0336134

-0.262579 -0.206252  0.373124  -1.43243 -0.287255 -0.837058  -3.08375  0.831076 -0.431481 -0.387563 -0.380904   1.46401

-0.0740003   0.146697    0.12798  0.0104827  -0.153218  0.0630863 -0.0533374 0.00472995 -0.0681078  -0.118375  -0.112942  0.0849056

0.0327816


