3 6 10 1 


   0.361879  -0.0639836   -0.568183 -0.00330305   0.0312247   0.0294851
 -0.0572943    0.139644   -0.376437    0.301964    0.306955    -0.47811
   0.451245  -0.0589761   -0.417366   0.0833705   -0.120173   -0.354037
   0.448392   0.0436362    0.308701   -0.326125    0.446797    0.188873
   0.445222    0.507052   -0.393428     0.16857   -0.249291    0.450389
  -0.342568    0.484183   -0.114506   0.0271378   -0.170494   -0.174433
  -0.190715    0.160601   -0.426224 -0.00532456    0.355554   -0.503197
   0.389956    0.272695   -0.483947    0.481298    0.479832   -0.553924
  -0.256574   -0.413832    0.576098   -0.239603   -0.496805  -0.0488417
  0.0986346     0.12699   -0.351796    0.276799    0.516652   -0.504445

 -0.217044   0.389396   0.452369   0.448898 -0.0272325 -0.0123889  -0.113513   0.286073  0.0101203   0.152561



 -0.0398778 -0.00964611    0.102271   0.0296443  -0.0159343  0.00379151  0.00409922   0.0229282 9.79919e-06  0.00365524

0.0887127


