3 6 10 1 


   0.364321  -0.0616498   -0.568452 -0.00286461   0.0310953   0.0295179
 -0.0607272     0.16733   -0.322841    0.365466     0.30974   -0.477722
   0.398961   -0.084093   -0.400514    0.144859   -0.116483    -0.35439
   0.410119   0.0466759    0.339439   -0.254979    0.450471    0.188916
   0.450423    0.506746   -0.397345    0.160268   -0.249773    0.450385
  -0.342581    0.484185   -0.114922   0.0268871   -0.170507   -0.174433
   -0.19099    0.157443   -0.427062 -0.00669527    0.355388   -0.503241
   0.361659    0.273067     -0.4623    0.527969    0.482504   -0.553919
  -0.256584   -0.413832    0.576106   -0.239586   -0.496804  -0.0488417
  0.0906267    0.134749    -0.33289    0.303375     0.51807   -0.504336

 -0.220673   0.408774   0.398432    0.38866 -0.0752494  0.0156662  -0.112378   0.299951  0.0103666   0.166584



 -0.0374212   0.0194979    0.075832   0.0328441  -0.0162569  0.00379423 0.000775745     0.02332 1.00302e-05   0.0118229

0.0906973


