3 6 8 1 
  0.470993  -0.412475  -0.538682  -0.198426   -3.33733  -0.411279
  0.168764 0.00986789   0.458457   0.440395    3.55724   0.453259
 -0.716121   0.519904   0.634234   0.363091    3.39095   0.327252
  0.839233   0.377078  -0.326455   0.504782   -3.89223  -0.271781
 -0.552541  -0.448622  -0.388004  -0.354454     3.2947   0.261331
    0.8282   0.407003  -0.719445   0.140724   -2.87685  -0.492653
  0.490168  0.0512926   0.163168  -0.499634   -2.58181 -0.0473522
     1.034  -0.413845  -0.853096   0.507058   -2.23939   0.498061

 0.745059 -0.136589 -0.743495  0.694421 -0.219944  0.664157    1.9269   2.55403

-0.163618  0.179315  0.166492 -0.104161 0.0455013 -0.109035 0.0214377 0.0615576

-0.131563


