3 6 12 1 
  -0.37678  -0.472886 -0.0778492   0.100186    2.67638  -0.162523
0.00250363   0.285478   0.541115    0.49053    2.20742   0.158287
  0.307179   0.224256   0.337571    0.37207   -2.62454   0.373817
 0.0603271  -0.372315   0.612972   0.343699    2.57515   0.407456
 -0.485664  -0.498389  -0.184243  -0.174767    2.22536  -0.223094
  -0.11821  0.0607998   0.176922   0.297401    2.45971  -0.362113
 -0.330895   0.291721  0.0900556   0.037526    2.30931   0.348465
  0.360224  -0.314993  0.0223651  -0.281846   -1.67445   0.226705
 -0.645552  -0.548416   0.114417   0.269523    2.51821  -0.470902
 -0.644654  -0.655366   0.200411  -0.282076    2.70698   0.159206
 -0.174146  -0.205493  0.0935373 0.00592933    2.29423 -0.0320401
  0.904397   -0.17552  -0.445418   0.328881   -1.92468   0.173147

-0.206602 -0.114402  0.305793 -0.582365 -0.238631 -0.508468 -0.567182  0.101307  -0.37135 -0.325028 -0.280444  0.844169

-0.0661882  -0.139257   0.199684  0.0189735  -0.207449 -0.0934936 -0.0771543  -0.172158  -0.136439  -0.201659   -0.16551   0.237472

0.184492


