3 6 10 1 


   0.392815  -0.0260996   -0.558528    0.014933   0.0308824   0.0300168
  -0.121956    0.148807   -0.296889    0.391573     0.31167   -0.477982
   0.326895   -0.156133   -0.418889    0.130065   -0.115206   -0.355401
   0.344609    0.015474    0.351233   -0.235522    0.452099    0.188478
   0.475329     0.52219   -0.396433    0.158832   -0.250207    0.450602
  -0.349238    0.480581    -0.11438   0.0280444   -0.170366   -0.174483
  -0.190268    0.156706   -0.427481 -0.00740973     0.35533   -0.503252
   0.309725    0.250913   -0.451709    0.545914     0.48385    -0.55423
  -0.256604   -0.413842    0.576108   -0.239581   -0.496804  -0.0488418
  0.0623191    0.123517   -0.325329    0.313337    0.518838   -0.504493

 -0.23409  0.420948  0.359746  0.313872   -0.2087 0.0355627 -0.111618  0.232774  0.011212  0.150017



0 0 0 0 0 0 0 0 0 0

0


