3 6 10 1 


   0.358491  -0.0687273   -0.568595 -0.00451969   0.0313122   0.0294186
 0.00829576    0.149936   -0.413477    0.292609    0.299319   -0.477966
   0.559593  -0.0474156   -0.487993 -0.00590702    -0.13583   -0.353875
   0.526111   0.0535209    0.208942   -0.413158    0.434298    0.189012
   0.450275    0.504155   -0.397129    0.163886   -0.250274    0.450349
  -0.349177    0.487931   -0.107227   0.0336778   -0.169141    -0.17438
  -0.185783    0.203115   -0.424594  0.00276587    0.356584     -0.5026
   0.442501    0.251133   -0.547875    0.414867    0.470599   -0.554227
  -0.256557   -0.413839    0.576078   -0.239624   -0.496808  -0.0488418
   0.111721    0.106968   -0.394859    0.244023    0.512574   -0.504726

 -0.214943   0.412419   0.613157   0.529464  0.0672632  -0.082191  -0.166086   0.334238 0.00943502   0.181036



 -0.0448712   0.0011881     0.11444   0.0400494  -0.0189845  0.00773705   0.0488514 0.000231771 2.76403e-06  -0.0174202

0.0156263


