3 6 10 1 


   0.359765  -0.0671741   -0.568381 -0.00450646   0.0312879   0.0294403
 -0.0408747    0.143188   -0.401764    0.288908    0.304391    -0.47806
   0.502232  -0.0363745    -0.43687   0.0415703   -0.125418    -0.35372
   0.487364   0.0556009     0.27352   -0.367688    0.442056    0.189041
   0.445268    0.507144   -0.392941    0.168614   -0.249253     0.45039
  -0.344692    0.484294    -0.11285   0.0293762   -0.170229   -0.174431
  -0.190328    0.167937   -0.425372 -0.00203945    0.355759   -0.503094
   0.415622    0.271137   -0.506703    0.449895    0.476529   -0.553946
  -0.256565   -0.413833     0.57609   -0.239614   -0.496806  -0.0488417
  0.0954636    0.110497   -0.379126    0.255267    0.515015   -0.504676

 -0.215674   0.401623   0.518552   0.494141  0.0239417 -0.0373147  -0.120676   0.302925 0.00978335   0.161162



 -0.0432362 -0.00591545    0.126062   0.0422388  -0.0158377  0.00390831    0.011821   0.0212882 9.15126e-06  -0.0137056

0.0823155


