3 6 10 1 


  0.375291 -0.0462512  -0.565034  0.0043009  0.0309724   0.029734
-0.0834184   0.182508  -0.289233   0.405071   0.311227  -0.477509
   0.35817  -0.119002  -0.406057   0.151178  -0.115429   -0.35488
  0.381745  0.0485472   0.361314  -0.223915   0.451746   0.188942
  0.457629   0.505675   -0.40273   0.151942  -0.250088    0.45037
 -0.344778   0.484548  -0.113229   0.029416  -0.170411  -0.174428
 -0.190647    0.15621  -0.427499 -0.0077927    0.35534  -0.503259
    0.3391   0.276971  -0.444171   0.554875   0.483556  -0.553864
 -0.256592  -0.413831   0.576112  -0.239577  -0.496804 -0.0488417
 0.0795662   0.138852   -0.32094    0.31886   0.518671  -0.504278

-0.224366  0.432717  0.370388  0.361282 -0.113987  0.042763 -0.111729  0.300288 0.0106206  0.171756



  -0.0212122     0.035474    0.0390861    0.0348139   -0.0173841   0.00417567 -0.000522268      0.02743  1.14541e-05    0.0161418

0.10399


