2
dense 784 784 leakyrelu
convolutional 28 28 leakyrelu

 -0.46978 -0.295399 0.0902649
-0.120227 -0.296139 -0.125962
-0.737267 -0.432263 -0.496675

0.302741 0.302741 0.302741 0.302741 0.302741 0.302741 0.302741 0.302741 0.302741 0.302741 0.302741 0.302741 0.302741 0.302741 0.302741 0.302741 0.302741 0.302741 0.302741 0.302741 0.302741 0.302741 0.302741 0.302741 0.302741 0.302741 0.302741 0.302741
0.302741 0.302741 0.302741 0.302741 0.302741 0.302741 0.302741 0.302741 0.302741 0.302741 0.302741 0.302741 0.302741 0.302741 0.302741 0.302741 0.302741 0.302741 0.302741 0.302741 0.302741 0.302741 0.302741 0.302741 0.302741 0.302741 0.302741 0.302741
0.302741 0.302741 0.302741 0.302741 0.302741 0.302741 0.302741 0.302741 0.302741 0.302741 0.302741 0.302741 0.302741 0.302741 0.302741 0.302741 0.302741 0.302741 0.302741 0.302741 0.302741 0.302741 0.302741 0.302741 0.302741 0.302741 0.302741 0.302741
0.302741 0.302741 0.302741 0.302741 0.302741 0.302741 0.302741 0.302741 0.302741 0.302741 0.302741 0.302741 0.302741 0.302741 0.302741 0.302741 0.302741 0.302741 0.302741 0.302741 0.302741 0.302741 0.302741 0.302741 0.302741 0.302741 0.302741 0.302741
0.302741 0.302741 0.302741 0.302741 0.302741 0.302741 0.302741 0.302741 0.302741 0.302741 0.302741 0.302741 0.302741 0.302741 0.302741 0.302741 0.302741 0.302741 0.302741 0.302741 0.302741 0.302741 0.302741 0.302741 0.302741 0.302741 0.302741 0.302741
0.302741 0.302741 0.302741 0.302741 0.302741 0.302741 0.302741 0.302741 0.302741 0.302741 0.302741 0.302741 0.302741 0.302741 0.302741 0.302741 0.302741 0.302741 0.302741 0.302741 0.302741 0.302741 0.302741 0.302741 0.302741 0.302741 0.302741 0.302741
0.302741 0.302741 0.302741 0.302741 0.302741 0.302741 0.302741 0.302741 0.302741 0.302741 0.302741 0.302741 0.302741 0.302741 0.302741 0.302741 0.302741 0.302741 0.302741 0.302741 0.302741 0.302741 0.302741 0.302741 0.302741 0.302741 0.302741 0.302741
0.302741 0.302741 0.302741 0.302741 0.302741 0.302741 0.302741 0.302741 0.302741 0.302741 0.302741 0.302741 0.302741 0.302741 0.302741 0.302741 0.302741 0.302741 0.302741 0.302741 0.302741 0.302741 0.302741 0.302741 0.302741 0.302741 0.302741 0.302741
0.302741 0.302741 0.302741 0.302741 0.302741 0.302741 0.302741 0.302741 0.302741 0.302741 0.302741 0.302741 0.302741 0.302741 0.302741 0.302741 0.302741 0.302741 0.302741 0.302741 0.302741 0.302741 0.302741 0.302741 0.302741 0.302741 0.302741 0.302741
0.302741 0.302741 0.302741 0.302741 0.302741 0.302741 0.302741 0.302741 0.302741 0.302741 0.302741 0.302741 0.302741 0.302741 0.302741 0.302741 0.302741 0.302741 0.302741 0.302741 0.302741 0.302741 0.302741 0.302741 0.302741 0.302741 0.302741 0.302741
0.302741 0.302741 0.302741 0.302741 0.302741 0.302741 0.302741 0.302741 0.302741 0.302741 0.302741 0.302741 0.302741 0.302741 0.302741 0.302741 0.302741 0.302741 0.302741 0.302741 0.302741 0.302741 0.302741 0.302741 0.302741 0.302741 0.302741 0.302741
0.302741 0.302741 0.302741 0.302741 0.302741 0.302741 0.302741 0.302741 0.302741 0.302741 0.302741 0.302741 0.302741 0.302741 0.302741 0.302741 0.302741 0.302741 0.302741 0.302741 0.302741 0.302741 0.302741 0.302741 0.302741 0.302741 0.302741 0.302741
0.302741 0.302741 0.302741 0.302741 0.302741 0.302741 0.302741 0.302741 0.302741 0.302741 0.302741 0.302741 0.302741 0.302741 0.302741 0.302741 0.302741 0.302741 0.302741 0.302741 0.302741 0.302741 0.302741 0.302741 0.302741 0.302741 0.302741 0.302741
0.302741 0.302741 0.302741 0.302741 0.302741 0.302741 0.302741 0.302741 0.302741 0.302741 0.302741 0.302741 0.302741 0.302741 0.302741 0.302741 0.302741 0.302741 0.302741 0.302741 0.302741 0.302741 0.302741 0.302741 0.302741 0.302741 0.302741 0.302741
0.302741 0.302741 0.302741 0.302741 0.302741 0.302741 0.302741 0.302741 0.302741 0.302741 0.302741 0.302741 0.302741 0.302741 0.302741 0.302741 0.302741 0.302741 0.302741 0.302741 0.302741 0.302741 0.302741 0.302741 0.302741 0.302741 0.302741 0.302741
0.302741 0.302741 0.302741 0.302741 0.302741 0.302741 0.302741 0.302741 0.302741 0.302741 0.302741 0.302741 0.302741 0.302741 0.302741 0.302741 0.302741 0.302741 0.302741 0.302741 0.302741 0.302741 0.302741 0.302741 0.302741 0.302741 0.302741 0.302741
0.302741 0.302741 0.302741 0.302741 0.302741 0.302741 0.302741 0.302741 0.302741 0.302741 0.302741 0.302741 0.302741 0.302741 0.302741 0.302741 0.302741 0.302741 0.302741 0.302741 0.302741 0.302741 0.302741 0.302741 0.302741 0.302741 0.302741 0.302741
0.302741 0.302741 0.302741 0.302741 0.302741 0.302741 0.302741 0.302741 0.302741 0.302741 0.302741 0.302741 0.302741 0.302741 0.302741 0.302741 0.302741 0.302741 0.302741 0.302741 0.302741 0.302741 0.302741 0.302741 0.302741 0.302741 0.302741 0.302741
0.302741 0.302741 0.302741 0.302741 0.302741 0.302741 0.302741 0.302741 0.302741 0.302741 0.302741 0.302741 0.302741 0.302741 0.302741 0.302741 0.302741 0.302741 0.302741 0.302741 0.302741 0.302741 0.302741 0.302741 0.302741 0.302741 0.302741 0.302741
0.302741 0.302741 0.302741 0.302741 0.302741 0.302741 0.302741 0.302741 0.302741 0.302741 0.302741 0.302741 0.302741 0.302741 0.302741 0.302741 0.302741 0.302741 0.302741 0.302741 0.302741 0.302741 0.302741 0.302741 0.302741 0.302741 0.302741 0.302741
0.302741 0.302741 0.302741 0.302741 0.302741 0.302741 0.302741 0.302741 0.302741 0.302741 0.302741 0.302741 0.302741 0.302741 0.302741 0.302741 0.302741 0.302741 0.302741 0.302741 0.302741 0.302741 0.302741 0.302741 0.302741 0.302741 0.302741 0.302741
0.302741 0.302741 0.302741 0.302741 0.302741 0.302741 0.302741 0.302741 0.302741 0.302741 0.302741 0.302741 0.302741 0.302741 0.302741 0.302741 0.302741 0.302741 0.302741 0.302741 0.302741 0.302741 0.302741 0.302741 0.302741 0.302741 0.302741 0.302741
0.302741 0.302741 0.302741 0.302741 0.302741 0.302741 0.302741 0.302741 0.302741 0.302741 0.302741 0.302741 0.302741 0.302741 0.302741 0.302741 0.302741 0.302741 0.302741 0.302741 0.302741 0.302741 0.302741 0.302741 0.302741 0.302741 0.302741 0.302741
0.302741 0.302741 0.302741 0.302741 0.302741 0.302741 0.302741 0.302741 0.302741 0.302741 0.302741 0.302741 0.302741 0.302741 0.302741 0.302741 0.302741 0.302741 0.302741 0.302741 0.302741 0.302741 0.302741 0.302741 0.302741 0.302741 0.302741 0.302741
0.302741 0.302741 0.302741 0.302741 0.302741 0.302741 0.302741 0.302741 0.302741 0.302741 0.302741 0.302741 0.302741 0.302741 0.302741 0.302741 0.302741 0.302741 0.302741 0.302741 0.302741 0.302741 0.302741 0.302741 0.302741 0.302741 0.302741 0.302741
0.302741 0.302741 0.302741 0.302741 0.302741 0.302741 0.302741 0.302741 0.302741 0.302741 0.302741 0.302741 0.302741 0.302741 0.302741 0.302741 0.302741 0.302741 0.302741 0.302741 0.302741 0.302741 0.302741 0.302741 0.302741 0.302741 0.302741 0.302741
0.302741 0.302741 0.302741 0.302741 0.302741 0.302741 0.302741 0.302741 0.302741 0.302741 0.302741 0.302741 0.302741 0.302741 0.302741 0.302741 0.302741 0.302741 0.302741 0.302741 0.302741 0.302741 0.302741 0.302741 0.302741 0.302741 0.302741 0.302741
0.302741 0.302741 0.302741 0.302741 0.302741 0.302741 0.302741 0.302741 0.302741 0.302741 0.302741 0.302741 0.302741 0.302741 0.302741 0.302741 0.302741 0.302741 0.302741 0.302741 0.302741 0.302741 0.302741 0.302741 0.302741 0.302741 0.302741 0.302741


