2
dense 784 784 leakyrelu
convolutional 28 28 leakyrelu

-0.0264162   0.148238   0.534505
  0.323684   0.147496    0.31794
 -0.294322  0.0111591 -0.0533531

         0          0          0          0          0          0          0          0          0          0          0          0          0          0          0          0          0          0          0          0          0          0          0          0          0          0          0          0
         0          0          0          0          0          0          0          0          0          0          0          0          0          0          0          0          0          0          0          0          0          0          0          0          0          0          0          0
         0          0          0          0          0          0          0          0          0          0          0          0          0          0          0          0          0          0          0          0          0          0          0          0          0          0          0          0
         0          0          0          0          0          0          0          0          0          0          0          0          0          0          0          0          0          0          0          0          0          0          0          0          0          0          0          0
         0          0          0          0          0          0          0          0          0          0          0          0   0.102593   0.137465   0.142209   0.140676   0.135607   0.135607   0.135607          0          0          0          0          0          0          0          0          0
         0          0          0          0          0          0          0          0          0          0          0          0   0.136237    0.14219    0.14219   0.142209    0.14219    0.14219    0.14219   0.139177  0.0392104          0          0          0          0          0          0          0
         0          0          0          0          0          0          0          0          0          0          0   0.126293   0.141387    0.14219    0.14219   0.142209    0.14219    0.14219    0.14219   0.142209   0.127338  0.0431249          0          0          0          0          0          0
         0          0          0          0          0          0          0          0          0          0          0          0   0.101014   0.135495   0.135495   0.139839   0.137387   0.141253    0.14219   0.142209    0.14219   0.128866          0          0          0          0          0          0
         0          0          0          0          0          0          0          0          0          0          0          0          0          0          0          0          0          0          0   0.142209    0.14219   0.128866          0          0          0          0          0          0
         0          0          0          0          0          0          0          0          0          0          0          0          0          0          0          0          0          0   0.137144   0.142209   0.141225   0.101014          0          0          0          0          0          0
         0          0          0          0          0          0          0          0          0          0          0          0          0          0          0          0          0   0.118202   0.141515   0.142209    0.14219   0.128866          0          0          0          0          0          0
         0          0          0          0          0          0          0          0          0          0          0          0          0          0          0   0.138561     0.1385   0.141515    0.14219   0.142209   0.141225   0.101014          0          0          0          0          0          0
         0          0          0          0          0          0          0          0          0          0          0   0.139882   0.142209   0.142209   0.142209   0.142246   0.142209   0.142209   0.142209    0.13192          0          0          0          0          0          0          0          0
         0          0          0          0          0          0          0          0          0          0    0.13192   0.142209    0.14219    0.14219    0.14219   0.142209    0.14219    0.14149   0.106806          0          0          0          0          0          0          0          0          0
         0          0          0          0          0          0          0          0          0          0          0   0.137765   0.141361   0.141361   0.141361   0.142209    0.14219   0.141361          0          0          0          0          0          0          0          0          0          0
         0          0          0          0          0          0          0          0          0          0          0          0          0          0          0   0.135495   0.138739   0.141864     0.1385          0          0          0          0          0          0          0          0          0
         0          0          0          0          0          0          0          0          0          0          0          0          0          0          0          0   0.141439   0.142209   0.139839          0          0          0          0          0          0          0          0          0
         0          0          0          0          0          0          0          0          0          0          0          0          0          0          0          0   0.133495    0.14219   0.141225          0          0          0          0          0          0          0          0          0
         0          0          0          0          0  0.0235284   0.136711   0.135022          0          0          0          0          0          0          0          0    0.13365    0.14219   0.140609          0          0          0          0          0          0          0          0          0
         0          0          0          0   0.114283   0.139379    0.14219   0.138438          0          0          0          0          0          0          0          0   0.141413   0.141753   0.117491          0          0          0          0          0          0          0          0          0
         0          0          0          0   0.141439   0.142209   0.142209   0.140643  0.0585041          0          0          0          0          0          0   0.118202   0.141798   0.141413          0          0          0          0          0          0          0          0          0          0
         0          0          0          0   0.140049    0.14219    0.14219    0.14219    0.14154   0.141413   0.141413   0.137908   0.140049    0.13365   0.141413   0.141798    0.14219   0.133174          0          0          0          0          0          0          0          0          0          0
         0          0          0          0  0.0787133   0.140049   0.141361    0.14219    0.14219    0.14219    0.14219   0.142209    0.14219    0.14219    0.14219   0.142209   0.140208  0.0756974          0          0          0          0          0          0          0          0          0          0
         0          0          0          0          0          0 0.00392156   0.135495   0.135495   0.135495   0.140609   0.135495   0.141776    0.14219   0.139752   0.135495  0.0585041          0          0          0          0          0          0          0          0          0          0          0
         0          0          0          0          0          0          0          0          0          0          0          0          0          0          0          0          0          0          0          0          0          0          0          0          0          0          0          0
         0          0          0          0          0          0          0          0          0          0          0          0          0          0          0          0          0          0          0          0          0          0          0          0          0          0          0          0
         0          0          0          0          0          0          0          0          0          0          0          0          0          0          0          0          0          0          0          0          0          0          0          0          0          0          0          0
         0          0          0          0          0          0          0          0          0          0          0          0          0          0          0          0          0          0          0          0          0          0          0          0          0          0          0          0


