2
dense 784 784 leakyrelu
convolutional 28 28 leakyrelu

 -0.552654  -0.378418 0.00692442
 -0.203392  -0.379158  -0.209122
 -0.819918  -0.515169  -0.579526

0.385754 0.385754 0.385754 0.385754 0.385754 0.385754 0.385754 0.385754 0.385754 0.385754 0.385754 0.385754 0.385754 0.385754 0.385754 0.385754 0.385754 0.385754 0.385754 0.385754 0.385754 0.385754 0.385754 0.385754 0.385754 0.385754 0.385754 0.385754
0.385754 0.385754 0.385754 0.385754 0.385754 0.385754 0.385754 0.385754 0.385754 0.385754 0.385754 0.385754 0.385754 0.385754 0.385754 0.385754 0.385754 0.385754 0.385754 0.385754 0.385754 0.385754 0.385754 0.385754 0.385754 0.385754 0.385754 0.385754
0.385754 0.385754 0.385754 0.385754 0.385754 0.385754 0.385754 0.385754 0.385754 0.385754 0.385754 0.385754 0.385754 0.385754 0.385754 0.385754 0.385754 0.385754 0.385754 0.385754 0.385754 0.385754 0.385754 0.385754 0.385754 0.385754 0.385754 0.385754
0.385754 0.385754 0.385754 0.385754 0.385754 0.385754 0.385754 0.385754 0.385754 0.385754 0.385754 0.385754 0.385754 0.385754 0.385754 0.385754 0.385754 0.385754 0.385754 0.385754 0.385754 0.385754 0.385754 0.385754 0.385754 0.385754 0.385754 0.385754
0.385754 0.385754 0.385754 0.385754 0.385754 0.385754 0.385754 0.385754 0.385754 0.385754 0.385754 0.385754 0.385754 0.385754 0.385754 0.385754 0.385754 0.385754 0.385754 0.385754 0.385754 0.385754 0.385754 0.385754 0.385754 0.385754 0.385754 0.385754
0.385754 0.385754 0.385754 0.385754 0.385754 0.385754 0.385754 0.385754 0.385754 0.385754 0.385754 0.385754 0.385754 0.385754 0.385754 0.385754 0.385754 0.385754 0.385754 0.385754 0.385754 0.385754 0.385754 0.385754 0.385754 0.385754 0.385754 0.385754
0.385754 0.385754 0.385754 0.385754 0.385754 0.385754 0.385754 0.385754 0.385754 0.385754 0.385754 0.385754 0.385754 0.385754 0.385754 0.385754 0.385754 0.385754 0.385754 0.385754 0.385754 0.385754 0.385754 0.385754 0.385754 0.385754 0.385754 0.385754
0.385754 0.385754 0.385754 0.385754 0.385754 0.385754 0.385754 0.385754 0.385754 0.385754 0.385754 0.385754 0.385754 0.385754 0.385754 0.385754 0.385754 0.385754 0.385754 0.385754 0.385754 0.385754 0.385754 0.385754 0.385754 0.385754 0.385754 0.385754
0.385754 0.385754 0.385754 0.385754 0.385754 0.385754 0.385754 0.385754 0.385754 0.385754 0.385754 0.385754 0.385754 0.385754 0.385754 0.385754 0.385754 0.385754 0.385754 0.385754 0.385754 0.385754 0.385754 0.385754 0.385754 0.385754 0.385754 0.385754
0.385754 0.385754 0.385754 0.385754 0.385754 0.385754 0.385754 0.385754 0.385754 0.385754 0.385754 0.385754 0.385754 0.385754 0.385754 0.385754 0.385754 0.385754 0.385754 0.385754 0.385754 0.385754 0.385754 0.385754 0.385754 0.385754 0.385754 0.385754
0.385754 0.385754 0.385754 0.385754 0.385754 0.385754 0.385754 0.385754 0.385754 0.385754 0.385754 0.385754 0.385754 0.385754 0.385754 0.385754 0.385754 0.385754 0.385754 0.385754 0.385754 0.385754 0.385754 0.385754 0.385754 0.385754 0.385754 0.385754
0.385754 0.385754 0.385754 0.385754 0.385754 0.385754 0.385754 0.385754 0.385754 0.385754 0.385754 0.385754 0.385754 0.385754 0.385754 0.385754 0.385754 0.385754 0.385754 0.385754 0.385754 0.385754 0.385754 0.385754 0.385754 0.385754 0.385754 0.385754
0.385754 0.385754 0.385754 0.385754 0.385754 0.385754 0.385754 0.385754 0.385754 0.385754 0.385754 0.385754 0.385754 0.385754 0.385754 0.385754 0.385754 0.385754 0.385754 0.385754 0.385754 0.385754 0.385754 0.385754 0.385754 0.385754 0.385754 0.385754
0.385754 0.385754 0.385754 0.385754 0.385754 0.385754 0.385754 0.385754 0.385754 0.385754 0.385754 0.385754 0.385754 0.385754 0.385754 0.385754 0.385754 0.385754 0.385754 0.385754 0.385754 0.385754 0.385754 0.385754 0.385754 0.385754 0.385754 0.385754
0.385754 0.385754 0.385754 0.385754 0.385754 0.385754 0.385754 0.385754 0.385754 0.385754 0.385754 0.385754 0.385754 0.385754 0.385754 0.385754 0.385754 0.385754 0.385754 0.385754 0.385754 0.385754 0.385754 0.385754 0.385754 0.385754 0.385754 0.385754
0.385754 0.385754 0.385754 0.385754 0.385754 0.385754 0.385754 0.385754 0.385754 0.385754 0.385754 0.385754 0.385754 0.385754 0.385754 0.385754 0.385754 0.385754 0.385754 0.385754 0.385754 0.385754 0.385754 0.385754 0.385754 0.385754 0.385754 0.385754
0.385754 0.385754 0.385754 0.385754 0.385754 0.385754 0.385754 0.385754 0.385754 0.385754 0.385754 0.385754 0.385754 0.385754 0.385754 0.385754 0.385754 0.385754 0.385754 0.385754 0.385754 0.385754 0.385754 0.385754 0.385754 0.385754 0.385754 0.385754
0.385754 0.385754 0.385754 0.385754 0.385754 0.385754 0.385754 0.385754 0.385754 0.385754 0.385754 0.385754 0.385754 0.385754 0.385754 0.385754 0.385754 0.385754 0.385754 0.385754 0.385754 0.385754 0.385754 0.385754 0.385754 0.385754 0.385754 0.385754
0.385754 0.385754 0.385754 0.385754 0.385754 0.385754 0.385754 0.385754 0.385754 0.385754 0.385754 0.385754 0.385754 0.385754 0.385754 0.385754 0.385754 0.385754 0.385754 0.385754 0.385754 0.385754 0.385754 0.385754 0.385754 0.385754 0.385754 0.385754
0.385754 0.385754 0.385754 0.385754 0.385754 0.385754 0.385754 0.385754 0.385754 0.385754 0.385754 0.385754 0.385754 0.385754 0.385754 0.385754 0.385754 0.385754 0.385754 0.385754 0.385754 0.385754 0.385754 0.385754 0.385754 0.385754 0.385754 0.385754
0.385754 0.385754 0.385754 0.385754 0.385754 0.385754 0.385754 0.385754 0.385754 0.385754 0.385754 0.385754 0.385754 0.385754 0.385754 0.385754 0.385754 0.385754 0.385754 0.385754 0.385754 0.385754 0.385754 0.385754 0.385754 0.385754 0.385754 0.385754
0.385754 0.385754 0.385754 0.385754 0.385754 0.385754 0.385754 0.385754 0.385754 0.385754 0.385754 0.385754 0.385754 0.385754 0.385754 0.385754 0.385754 0.385754 0.385754 0.385754 0.385754 0.385754 0.385754 0.385754 0.385754 0.385754 0.385754 0.385754
0.385754 0.385754 0.385754 0.385754 0.385754 0.385754 0.385754 0.385754 0.385754 0.385754 0.385754 0.385754 0.385754 0.385754 0.385754 0.385754 0.385754 0.385754 0.385754 0.385754 0.385754 0.385754 0.385754 0.385754 0.385754 0.385754 0.385754 0.385754
0.385754 0.385754 0.385754 0.385754 0.385754 0.385754 0.385754 0.385754 0.385754 0.385754 0.385754 0.385754 0.385754 0.385754 0.385754 0.385754 0.385754 0.385754 0.385754 0.385754 0.385754 0.385754 0.385754 0.385754 0.385754 0.385754 0.385754 0.385754
0.385754 0.385754 0.385754 0.385754 0.385754 0.385754 0.385754 0.385754 0.385754 0.385754 0.385754 0.385754 0.385754 0.385754 0.385754 0.385754 0.385754 0.385754 0.385754 0.385754 0.385754 0.385754 0.385754 0.385754 0.385754 0.385754 0.385754 0.385754
0.385754 0.385754 0.385754 0.385754 0.385754 0.385754 0.385754 0.385754 0.385754 0.385754 0.385754 0.385754 0.385754 0.385754 0.385754 0.385754 0.385754 0.385754 0.385754 0.385754 0.385754 0.385754 0.385754 0.385754 0.385754 0.385754 0.385754 0.385754
0.385754 0.385754 0.385754 0.385754 0.385754 0.385754 0.385754 0.385754 0.385754 0.385754 0.385754 0.385754 0.385754 0.385754 0.385754 0.385754 0.385754 0.385754 0.385754 0.385754 0.385754 0.385754 0.385754 0.385754 0.385754 0.385754 0.385754 0.385754
0.385754 0.385754 0.385754 0.385754 0.385754 0.385754 0.385754 0.385754 0.385754 0.385754 0.385754 0.385754 0.385754 0.385754 0.385754 0.385754 0.385754 0.385754 0.385754 0.385754 0.385754 0.385754 0.385754 0.385754 0.385754 0.385754 0.385754 0.385754


