2
dense 784 784 leakyrelu
convolutional 28 28 leakyrelu

-0.61928

        0         0         0         0         0         0         0         0         0         0         0         0         0         0         0         0         0         0         0         0         0         0         0         0         0         0         0         0
        0         0         0         0         0         0         0         0         0         0         0         0         0         0         0         0         0         0         0         0         0         0         0         0         0         0         0         0
        0         0         0         0         0         0         0         0         0         0         0         0         0         0         0         0         0         0         0         0         0         0         0         0         0         0         0         0
        0         0         0         0         0         0         0         0         0         0         0         0         0         0         0         0         0         0         0         0         0         0         0         0         0         0         0         0
        0         0         0         0         0         0         0         0         0         0         0         0 -0.117231 -0.117231 -0.117231 -0.117231 -0.117231 -0.117231 -0.117231         0         0         0         0         0         0         0         0         0
        0         0         0         0         0         0         0         0         0         0         0         0 -0.117231 -0.117231 -0.117231 -0.117231 -0.117231 -0.117231 -0.117231 -0.117231 -0.117231         0         0         0         0         0         0         0
        0         0         0         0         0         0         0         0         0         0         0 -0.117231 -0.117231 -0.117231 -0.117231 -0.117231 -0.117231 -0.117231 -0.117231 -0.117231 -0.117231 -0.117231         0         0         0         0         0         0
        0         0         0         0         0         0         0         0         0         0         0         0 -0.117231 -0.117231 -0.117231 -0.117231 -0.117231 -0.117231 -0.117231 -0.117231 -0.117231 -0.117231         0         0         0         0         0         0
        0         0         0         0         0         0         0         0         0         0         0         0         0         0         0         0         0         0         0 -0.117231 -0.117231 -0.117231         0         0         0         0         0         0
        0         0         0         0         0         0         0         0         0         0         0         0         0         0         0         0         0         0 -0.117231 -0.117231 -0.117231 -0.117231         0         0         0         0         0         0
        0         0         0         0         0         0         0         0         0         0         0         0         0         0         0         0         0 -0.117231 -0.117231 -0.117231 -0.117231 -0.117231         0         0         0         0         0         0
        0         0         0         0         0         0         0         0         0         0         0         0         0         0         0 -0.117231 -0.117231 -0.117231 -0.117231 -0.117231 -0.117231 -0.117231         0         0         0         0         0         0
        0         0         0         0         0         0         0         0         0         0         0 -0.117231 -0.117231 -0.117231 -0.117231 -0.117231 -0.117231 -0.117231 -0.117231 -0.117231         0         0         0         0         0         0         0         0
        0         0         0         0         0         0         0         0         0         0 -0.117231 -0.117231 -0.117231 -0.117231 -0.117231 -0.117231 -0.117231 -0.117231 -0.117231         0         0         0         0         0         0         0         0         0
        0         0         0         0         0         0         0         0         0         0         0 -0.117231 -0.117231 -0.117231 -0.117231 -0.117231 -0.117231 -0.117231         0         0         0         0         0         0         0         0         0         0
        0         0         0         0         0         0         0         0         0         0         0         0         0         0         0 -0.117231 -0.117231 -0.117231 -0.117231         0         0         0         0         0         0         0         0         0
        0         0         0         0         0         0         0         0         0         0         0         0         0         0         0         0 -0.117231 -0.117231 -0.117231         0         0         0         0         0         0         0         0         0
        0         0         0         0         0         0         0         0         0         0         0         0         0         0         0         0 -0.117231 -0.117231 -0.117231         0         0         0         0         0         0         0         0         0
        0         0         0         0         0 -0.117231 -0.117231 -0.117231         0         0         0         0         0         0         0         0 -0.117231 -0.117231 -0.117231         0         0         0         0         0         0         0         0         0
        0         0         0         0 -0.117231 -0.117231 -0.117231 -0.117231         0         0         0         0         0         0         0         0 -0.117231 -0.117231 -0.117231         0         0         0         0         0         0         0         0         0
        0         0         0         0 -0.117231 -0.117231 -0.117231 -0.117231 -0.117231         0         0         0         0         0         0 -0.117231 -0.117231 -0.117231         0         0         0         0         0         0         0         0         0         0
        0         0         0         0 -0.117231 -0.117231 -0.117231 -0.117231 -0.117231 -0.117231 -0.117231 -0.117231 -0.117231 -0.117231 -0.117231 -0.117231 -0.117231 -0.117231         0         0         0         0         0         0         0         0         0         0
        0         0         0         0 -0.117231 -0.117231 -0.117231 -0.117231 -0.117231 -0.117231 -0.117231 -0.117231 -0.117231 -0.117231 -0.117231 -0.117231 -0.117231 -0.117231         0         0         0         0         0         0         0         0         0         0
        0         0         0         0         0         0 -0.117231 -0.117231 -0.117231 -0.117231 -0.117231 -0.117231 -0.117231 -0.117231 -0.117231 -0.117231 -0.117231         0         0         0         0         0         0         0         0         0         0         0
        0         0         0         0         0         0         0         0         0         0         0         0         0         0         0         0         0         0         0         0         0         0         0         0         0         0         0         0
        0         0         0         0         0         0         0         0         0         0         0         0         0         0         0         0         0         0         0         0         0         0         0         0         0         0         0         0
        0         0         0         0         0         0         0         0         0         0         0         0         0         0         0         0         0         0         0         0         0         0         0         0         0         0         0         0
        0         0         0         0         0         0         0         0         0         0         0         0         0         0         0         0         0         0         0         0         0         0         0         0         0         0         0         0


