2
dense 784 784 leakyrelu
convolutional 28 28 leakyrelu

 -0.273412 -0.0986872   0.287737
 0.0768307 -0.0994291  0.0710842
 -0.541427  -0.235822   -0.30036

        0         0         0         0         0         0         0         0         0         0         0         0         0         0         0         0         0         0         0         0         0         0         0         0         0         0         0         0
        0         0         0         0         0         0         0         0         0         0         0         0         0         0         0         0         0         0         0         0         0         0         0         0         0         0         0         0
        0         0         0         0         0         0         0         0         0         0         0         0         0         0         0         0         0         0         0         0         0         0         0         0         0         0         0         0
        0         0         0         0         0         0         0         0         0         0         0         0         0         0         0         0         0         0         0         0         0         0         0         0         0         0         0         0
        0         0         0         0         0         0         0         0         0         0         0         0 -0.106044 -0.106044 -0.106044 -0.106044 -0.106044 -0.106044 -0.106044         0         0         0         0         0         0         0         0         0
        0         0         0         0         0         0         0         0         0         0         0         0 -0.106044 -0.106044 -0.106044 -0.106044 -0.106044 -0.106044 -0.106044 -0.106044 -0.106044         0         0         0         0         0         0         0
        0         0         0         0         0         0         0         0         0         0         0 -0.106044 -0.106044 -0.106044 -0.106044 -0.106044 -0.106044 -0.106044 -0.106044 -0.106044 -0.106044 -0.106044         0         0         0         0         0         0
        0         0         0         0         0         0         0         0         0         0         0         0 -0.106044 -0.106044 -0.106044 -0.106044 -0.106044 -0.106044 -0.106044 -0.106044 -0.106044 -0.106044         0         0         0         0         0         0
        0         0         0         0         0         0         0         0         0         0         0         0         0         0         0         0         0         0         0 -0.106044 -0.106044 -0.106044         0         0         0         0         0         0
        0         0         0         0         0         0         0         0         0         0         0         0         0         0         0         0         0         0 -0.106044 -0.106044 -0.106044 -0.106044         0         0         0         0         0         0
        0         0         0         0         0         0         0         0         0         0         0         0         0         0         0         0         0 -0.106044 -0.106044 -0.106044 -0.106044 -0.106044         0         0         0         0         0         0
        0         0         0         0         0         0         0         0         0         0         0         0         0         0         0 -0.106044 -0.106044 -0.106044 -0.106044 -0.106044 -0.106044 -0.106044         0         0         0         0         0         0
        0         0         0         0         0         0         0         0         0         0         0 -0.106044 -0.106044 -0.106044 -0.106044 -0.106044 -0.106044 -0.106044 -0.106044 -0.106044         0         0         0         0         0         0         0         0
        0         0         0         0         0         0         0         0         0         0 -0.106044 -0.106044 -0.106044 -0.106044 -0.106044 -0.106044 -0.106044 -0.106044 -0.106044         0         0         0         0         0         0         0         0         0
        0         0         0         0         0         0         0         0         0         0         0 -0.106044 -0.106044 -0.106044 -0.106044 -0.106044 -0.106044 -0.106044         0         0         0         0         0         0         0         0         0         0
        0         0         0         0         0         0         0         0         0         0         0         0         0         0         0 -0.106044 -0.106044 -0.106044 -0.106044         0         0         0         0         0         0         0         0         0
        0         0         0         0         0         0         0         0         0         0         0         0         0         0         0         0 -0.106044 -0.106044 -0.106044         0         0         0         0         0         0         0         0         0
        0         0         0         0         0         0         0         0         0         0         0         0         0         0         0         0 -0.106044 -0.106044 -0.106044         0         0         0         0         0         0         0         0         0
        0         0         0         0         0 -0.106044 -0.106044 -0.106044         0         0         0         0         0         0         0         0 -0.106044 -0.106044 -0.106044         0         0         0         0         0         0         0         0         0
        0         0         0         0 -0.106044 -0.106044 -0.106044 -0.106044         0         0         0         0         0         0         0         0 -0.106044 -0.106044 -0.106044         0         0         0         0         0         0         0         0         0
        0         0         0         0 -0.106044 -0.106044 -0.106044 -0.106044 -0.106044         0         0         0         0         0         0 -0.106044 -0.106044 -0.106044         0         0         0         0         0         0         0         0         0         0
        0         0         0         0 -0.106044 -0.106044 -0.106044 -0.106044 -0.106044 -0.106044 -0.106044 -0.106044 -0.106044 -0.106044 -0.106044 -0.106044 -0.106044 -0.106044         0         0         0         0         0         0         0         0         0         0
        0         0         0         0 -0.106044 -0.106044 -0.106044 -0.106044 -0.106044 -0.106044 -0.106044 -0.106044 -0.106044 -0.106044 -0.106044 -0.106044 -0.106044 -0.106044         0         0         0         0         0         0         0         0         0         0
        0         0         0         0         0         0 -0.106044 -0.106044 -0.106044 -0.106044 -0.106044 -0.106044 -0.106044 -0.106044 -0.106044 -0.106044 -0.106044         0         0         0         0         0         0         0         0         0         0         0
        0         0         0         0         0         0         0         0         0         0         0         0         0         0         0         0         0         0         0         0         0         0         0         0         0         0         0         0
        0         0         0         0         0         0         0         0         0         0         0         0         0         0         0         0         0         0         0         0         0         0         0         0         0         0         0         0
        0         0         0         0         0         0         0         0         0         0         0         0         0         0         0         0         0         0         0         0         0         0         0         0         0         0         0         0
        0         0         0         0         0         0         0         0         0         0         0         0         0         0         0         0         0         0         0         0         0         0         0         0         0         0         0         0


