2
dense 784 784 leakyrelu
convolutional 28 28 leakyrelu

 -0.561604  -0.387384 -0.0020758
 -0.212373  -0.388124  -0.218103
 -0.828844  -0.524122  -0.588474

        0         0         0         0         0         0         0         0         0         0         0         0         0         0         0         0         0         0         0         0         0         0         0         0         0         0         0         0
        0         0         0         0         0         0         0         0         0         0         0         0         0         0         0         0         0         0         0         0         0         0         0         0         0         0         0         0
        0         0         0         0         0         0         0         0         0         0         0         0         0         0         0         0         0         0         0         0         0         0         0         0         0         0         0         0
        0         0         0         0         0         0         0         0         0         0         0         0         0         0         0         0         0         0         0         0         0         0         0         0         0         0         0         0
        0         0         0         0         0         0         0         0         0         0         0         0 -0.394719 -0.394719 -0.394719 -0.394719 -0.394719 -0.394719 -0.394719         0         0         0         0         0         0         0         0         0
        0         0         0         0         0         0         0         0         0         0         0         0 -0.394719 -0.394719 -0.394719 -0.394719 -0.394719 -0.394719 -0.394719 -0.394719 -0.394719         0         0         0         0         0         0         0
        0         0         0         0         0         0         0         0         0         0         0 -0.394719 -0.394719 -0.394719 -0.394719 -0.394719 -0.394719 -0.394719 -0.394719 -0.394719 -0.394719 -0.394719         0         0         0         0         0         0
        0         0         0         0         0         0         0         0         0         0         0         0 -0.394719 -0.394719 -0.394719 -0.394719 -0.394719 -0.394719 -0.394719 -0.394719 -0.394719 -0.394719         0         0         0         0         0         0
        0         0         0         0         0         0         0         0         0         0         0         0         0         0         0         0         0         0         0 -0.394719 -0.394719 -0.394719         0         0         0         0         0         0
        0         0         0         0         0         0         0         0         0         0         0         0         0         0         0         0         0         0 -0.394719 -0.394719 -0.394719 -0.394719         0         0         0         0         0         0
        0         0         0         0         0         0         0         0         0         0         0         0         0         0         0         0         0 -0.394719 -0.394719 -0.394719 -0.394719 -0.394719         0         0         0         0         0         0
        0         0         0         0         0         0         0         0         0         0         0         0         0         0         0 -0.394719 -0.394719 -0.394719 -0.394719 -0.394719 -0.394719 -0.394719         0         0         0         0         0         0
        0         0         0         0         0         0         0         0         0         0         0 -0.394719 -0.394719 -0.394719 -0.394719 -0.394719 -0.394719 -0.394719 -0.394719 -0.394719         0         0         0         0         0         0         0         0
        0         0         0         0         0         0         0         0         0         0 -0.394719 -0.394719 -0.394719 -0.394719 -0.394719 -0.394719 -0.394719 -0.394719 -0.394719         0         0         0         0         0         0         0         0         0
        0         0         0         0         0         0         0         0         0         0         0 -0.394719 -0.394719 -0.394719 -0.394719 -0.394719 -0.394719 -0.394719         0         0         0         0         0         0         0         0         0         0
        0         0         0         0         0         0         0         0         0         0         0         0         0         0         0 -0.394719 -0.394719 -0.394719 -0.394719         0         0         0         0         0         0         0         0         0
        0         0         0         0         0         0         0         0         0         0         0         0         0         0         0         0 -0.394719 -0.394719 -0.394719         0         0         0         0         0         0         0         0         0
        0         0         0         0         0         0         0         0         0         0         0         0         0         0         0         0 -0.394719 -0.394719 -0.394719         0         0         0         0         0         0         0         0         0
        0         0         0         0         0 -0.394719 -0.394719 -0.394719         0         0         0         0         0         0         0         0 -0.394719 -0.394719 -0.394719         0         0         0         0         0         0         0         0         0
        0         0         0         0 -0.394719 -0.394719 -0.394719 -0.394719         0         0         0         0         0         0         0         0 -0.394719 -0.394719 -0.394719         0         0         0         0         0         0         0         0         0
        0         0         0         0 -0.394719 -0.394719 -0.394719 -0.394719 -0.394719         0         0         0         0         0         0 -0.394719 -0.394719 -0.394719         0         0         0         0         0         0         0         0         0         0
        0         0         0         0 -0.394719 -0.394719 -0.394719 -0.394719 -0.394719 -0.394719 -0.394719 -0.394719 -0.394719 -0.394719 -0.394719 -0.394719 -0.394719 -0.394719         0         0         0         0         0         0         0         0         0         0
        0         0         0         0 -0.394719 -0.394719 -0.394719 -0.394719 -0.394719 -0.394719 -0.394719 -0.394719 -0.394719 -0.394719 -0.394719 -0.394719 -0.394719 -0.394719         0         0         0         0         0         0         0         0         0         0
        0         0         0         0         0         0 -0.394718 -0.394719 -0.394719 -0.394719 -0.394719 -0.394719 -0.394719 -0.394719 -0.394719 -0.394719 -0.394719         0         0         0         0         0         0         0         0         0         0         0
        0         0         0         0         0         0         0         0         0         0         0         0         0         0         0         0         0         0         0         0         0         0         0         0         0         0         0         0
        0         0         0         0         0         0         0         0         0         0         0         0         0         0         0         0         0         0         0         0         0         0         0         0         0         0         0         0
        0         0         0         0         0         0         0         0         0         0         0         0         0         0         0         0         0         0         0         0         0         0         0         0         0         0         0         0
        0         0         0         0         0         0         0         0         0         0         0         0         0         0         0         0         0         0         0         0         0         0         0         0         0         0         0         0


