4
dense 784 784 leakyrelu
convolutional 15 15 sigmoid
dense 30 30 leakyrelu
dense 10 10 leakyrelu

 -0.167546 0.00736436   0.394199
  0.183069 0.00662175   0.177316
 -0.435845  -0.129916  -0.194523

   0.0186961   0.00859967     0.075608   -0.0817849    0.0542346     0.065937    0.0517198    0.0231692   -0.0844666    0.0333905  -0.00651496    0.0151181   -0.0504835   -0.0610353    0.0837665   -0.0674007    0.0243706    0.0121633    -0.055531    -0.021109   -0.0495118    0.0119249    0.0879916    0.0871574    -0.037536    0.0182182  -0.00196157    0.0796053   -0.0598939    0.0896431   -0.0925203   -0.0923372   0.00946367   -0.0297002    0.0743537   -0.0370191   -0.0245495    0.0216426    0.0365438   -0.0434311     -0.01515    0.0615374    0.0421949   -0.0599789    0.0804757   0.00631432   -0.0868495   -0.0226998    -0.057457    0.0294355   -0.0632525    0.0258486   -0.0235438   -0.0285553    -0.058123    0.0264489   0.00445604   -0.0416047    -0.036155    0.0531767   -0.0263988    0.0372265   -0.0437023   -0.0837891   -0.0539245   -0.0523693    0.0811842    0.0764707   -0.0787609    0.0855667  0.000372101   -0.0840967   -0.0813785   -0.0783865   -0.0417228   -0.0475532   -0.0383064   -0.0837932  0.000864161    0.0253705    0.0839053    0.0826846    -0.089257    0.0761957   -0.0699083    0.0104467   -0.0164423   -0.0203229   -0.0142923    0.0238659  -0.00928556    0.0856999  -0.00919091   -0.0610315    0.0876792   -0.0333185    0.0723262   -0.0712163   -0.0901163    0.0591678  -0.00565426  -0.00878433   0.00522262   -0.0906168   -0.0297734  -0.00764455    0.0542948    0.0337784    0.0149381    0.0106748     0.043086 -0.000309108    0.0859233    0.0559975   -0.0633224    0.0779674   0.00608248   -0.0528612    0.0651907   -0.0235374   -0.0690081   -0.0791872    -0.012177    0.0542046   -0.0229493  -0.00363586   -0.0327686    0.0595163    0.0468308    0.0580186   -0.0805673   -0.0461956    0.0334543    0.0799378    0.0181441   -0.0162043   -0.0525372    0.0194908    0.0303504    0.0256653   -0.0659115   -0.0360786   -0.0755196   -0.0512209     0.093193    0.0658436  -0.00238965   -0.0322197    0.0510188     0.074703    0.0341179     0.041961  -0.00980587    0.0136773    0.0813648   -0.0708608    0.0353189  -0.00457359   -0.0871308   0.00215995   -0.0851395    0.0334332    0.0484555    0.0199434     -0.09036   0.00568082   0.00788124   -0.0504324    0.0452794   -0.0122376    0.0359795   0.00696566   -0.0350139    0.0474558  -0.00676655   0.00594393   -0.0382145   0.00122496   -0.0309055   -0.0286454    0.0900339   -0.0204862   0.00558212    0.0796958   -0.0698077    0.0256065   0.00865718   -0.0722252    0.0595373 -0.000620839    -0.072162   0.00771941    0.0340547    0.0754028    0.0248162   -0.0170166    0.0630609   -0.0660863   -0.0632045   -0.0304669   -0.0333213   -0.0739835     0.049932    -0.093575   0.00227778    0.0813468   -0.0502257    -0.080287   -0.0940944    0.0878577   -0.0358482   0.00436431   -0.0463297   -0.0478037   -0.0833644    0.0897734   -0.0350823     0.017208   -0.0589066    0.0226068   -0.0623426   -0.0285231     0.054671    0.0927598   0.00187725
  -0.0219807   -0.0718219     0.011348    0.0678247    0.0919366    0.0725672   -0.0654772    0.0708939   -0.0774834    0.0297238    0.0327625   -0.0654486   -0.0187368    0.0589546    0.0289403   -0.0796086   0.00869847    0.0446496   -0.0934218    0.0658664    0.0445551    0.0475055    0.0633539   -0.0489566   -0.0415195    0.0198515    0.0908902   -0.0569491  -0.00881617    0.0389009    0.0127231    0.0648363    0.0631056   -0.0524047    0.0219062    0.0126199   -0.0098997    0.0078736   -0.0825935   0.00982656    0.0425752   -0.0745319    0.0111348    0.0276552   -0.0426202    0.0407609    0.0108549    0.0808427  -0.00933931      -0.0243   0.00771414    0.0427861    0.0132218   -0.0293089    0.0090911   -0.0908725    0.0844654    0.0363275    -0.041343    0.0059071    -0.074552    0.0254617    0.0830747    0.0132374   -0.0442887    0.0325537   0.00352127    0.0435742   -0.0342417    0.0724312   -0.0533373    0.0125968   -0.0540289    0.0397161    0.0211308   -0.0699764    0.0866676  -0.00523321    0.0298407   -0.0804317   -0.0598718   -0.0806418    0.0451374   -0.0933872     0.078787   -0.0927208    0.0436039   -0.0432459  -0.00277019   -0.0891751    0.0811934   -0.0911442    0.0923324   -0.0517101    0.0325824   -0.0446146   -0.0586449   -0.0107347    0.0576211   -0.0489236    0.0641848    0.0893466    0.0291408   -0.0252003   -0.0175101   -0.0892722    0.0716355   -0.0515934    0.0576602   0.00162558    0.0655021   -0.0122782   -0.0913229  -0.00303631    0.0752355   -0.0363935   -0.0874814   -0.0316592    0.0942103    0.0492741   -0.0553386    0.0265827    0.0643434    0.0862867    0.0728883    0.0201507   -0.0178386     0.039464    -0.081844    0.0729309    0.0818622   -0.0369424    0.0876053     0.092854  -0.00715961    0.0620045    0.0351814    0.0656774   -0.0927528  -0.00994003   -0.0847825    0.0252359    0.0149024    0.0594436    0.0190165    0.0352103    0.0304338   -0.0207334   -0.0744417    0.0371961   -0.0161531   -0.0294616   -0.0355772   -0.0641801    0.0655918   -0.0239678   -0.0472918   -0.0789246  0.000179396    0.0517489   -0.0084841    0.0155224    0.0744569  5.73504e-07  -0.00580703    0.0365576   -0.0191788   -0.0613893   -0.0201007   -0.0757735   -0.0380217   -0.0422689    0.0860457   -0.0789774    0.0347228  -0.00788518  -0.00162763   0.00126759    0.0479029   -0.0901584    0.0372782   -0.0315098   -0.0753642   -0.0614683   0.00934828   -0.0838108    0.0240734   -0.0879321   -0.0457109   -0.0627998   -0.0747243   -0.0904394    0.0451944   -0.0556887    0.0498327   -0.0612874   -0.0167774   -0.0172041   -0.0644113    0.0672566   -0.0132491    0.0106091    0.0570063   -0.0365099  -0.00261443    0.0395903   -0.0504078    0.0185013    0.0882968  -0.00137359   -0.0408288    0.0211974    0.0556853     0.079691   -0.0448482    0.0889216   -0.0586023   -0.0618641    0.0870197      0.06822    0.0120746    0.0444937     0.081639    -0.013134     0.016461
  -0.0884658    0.0573212   0.00908009     0.022514   -0.0570327   -0.0680094   -0.0417794    0.0756735    0.0910668  -0.00440108    0.0119988   -0.0757581    -0.043845    0.0735697   0.00331215    0.0332589    0.0459705   -0.0625733   -0.0421797   -0.0675167   -0.0608402   -0.0104958   0.00776019    0.0624508    0.0241411    0.0389452    0.0254922   -0.0307607    0.0385605    0.0934836   -0.0719963    -0.026102   -0.0213967   -0.0212904   -0.0373221    -0.062385    0.0776823    0.0495937   -0.0666794    0.0453929     0.031882    0.0300613    0.0354446   -0.0125389    -0.016927   -0.0399234    0.0896324    0.0245439   -0.0714421   -0.0333305   0.00898741   -0.0556082    0.0367468    0.0295311    0.0752239     -0.06437    0.0422137    0.0483926    0.0587549   -0.0908654   -0.0723279    0.0195175   -0.0402452   -0.0262459    0.0716045    0.0419339    -0.014393   -0.0108333   -0.0444239    0.0849646    0.0135862    0.0600161    0.0386156    0.0667214    0.0112699   -0.0204459    0.0826687   -0.0211104     0.078538   -0.0190807   -0.0335035   -0.0382683   -0.0462494    0.0469237     0.052288   -0.0439439    -0.032633    0.0890439    0.0801631    0.0586232  -0.00863641   -0.0790499    0.0326482   -0.0927713   -0.0665105   -0.0230521    0.0129175     0.078617   -0.0288676     0.090056    0.0293382  -0.00650354   0.00766444    0.0154161    0.0462611   -0.0503992    0.0517985    0.0546237   0.00572896   -0.0899573    0.0284127    0.0751813    0.0617894   -0.0433766   -0.0744983    0.0369454   -0.0631543   -0.0388122    0.0298195    0.0176518    0.0121574    0.0673905   0.00771558    0.0774654   -0.0547396   -0.0556296    0.0141352   -0.0710337    0.0204266   -0.0790236     0.051183   -0.0451754   -0.0847157    0.0286226   -0.0502652   -0.0895212    0.0190278   -0.0175108    0.0835748    0.0167199    0.0124874     0.057907    0.0614464   -0.0216945    0.0346785   -0.0778547   -0.0758401   -0.0901793   -0.0778694    0.0644344   -0.0122254    0.0417886    0.0614402    0.0224104   0.00931499   0.00169322     0.036634    0.0261699   -0.0785025    0.0671099   0.00816924   -0.0168787     0.003635    0.0160728   -0.0779167   -0.0490457   -0.0477042  -0.00617301   -0.0307638   -0.0522838   -0.0767767  -0.00404665   -0.0906677    0.0801459   -0.0752793    0.0697411    0.0725986     0.012542    0.0766086   -0.0212719   -0.0152097   -0.0720884    0.0311471    0.0503004   -0.0810977    0.0759709    0.0213991    0.0924141    0.0898647   -0.0495258   0.00027166    -0.040857   -0.0815217    0.0665001   -0.0480909    0.0356672    0.0609669    0.0938535    0.0795099   -0.0485958  -0.00800255    0.0624368   0.00336063   0.00104471    0.0609319   -0.0866041   -0.0648914   -0.0525773    0.0855519    0.0511185    0.0469364   -0.0104824    0.0465156     0.082147   -0.0647661    0.0901223    0.0815139   -0.0925237    0.0746684    0.0832748   -0.0833086   -0.0584166   -0.0460715   -0.0629195    0.0499243
   0.0702508    0.0144148    0.0386483    0.0215761   -0.0175323   -0.0853766    0.0779913    0.0756706    0.0854878    0.0301763    0.0833649    -0.067164   -0.0319607   -0.0105994    0.0630554    0.0301924   -0.0366514   -0.0361471   -0.0238233    0.0309923   -0.0227476    0.0453656   -0.0167851  0.000636739   -0.0693661   -0.0519216   -0.0572973    0.0108166   0.00362625    0.0339227   -0.0933176   -0.0700526    0.0776426     0.043184   -0.0412177    0.0199397   0.00734646   0.00504397  -0.00814343   -0.0158296   -0.0640381 -0.000861535   -0.0220247    0.0697466   -0.0263441    0.0836682    -0.032492   -0.0273483    0.0613677    0.0522743  -0.00230209   -0.0594449    0.0151289   -0.0860893     0.065689   0.00739195    0.0343669   -0.0936719   -0.0820434    0.0176507   -0.0229833    0.0591794     0.070096   -0.0297535    0.0141105   -0.0750458    0.0288372   -0.0322032   0.00468672   -0.0531381  -0.00894424    0.0237705    0.0729185      0.05451   -0.0692823    0.0579976    0.0355286    0.0931564    0.0740346   0.00962755   -0.0294562   -0.0450998   -0.0332444   -0.0643346    0.0712963   -0.0315462    0.0338947    0.0413251   -0.0195293   0.00974808   -0.0449433   -0.0172174   0.00604011    0.0658976    0.0891888  -0.00554808   -0.0450068    0.0359821    0.0827816   -0.0639806  -0.00987918    -0.073727        0.093    0.0113285    0.0799236   -0.0556644   -0.0903853  -0.00870396   -0.0247191   -0.0778772    0.0474096   -0.0661773    0.0668237     0.023506   -0.0124181   -0.0908117   -0.0512531   -0.0217347   -0.0679024   -0.0879987    0.0429246    0.0272511   -0.0390674   -0.0323608   -0.0397648    0.0359054    0.0058827   -0.0206294     0.070078   -0.0158356     -0.06531   -0.0892934    0.0825598     0.089503   -0.0475141    0.0278114   -0.0477774   -0.0557623   -0.0814413    0.0149592    0.0450893    0.0706897    0.0766683   -0.0840553   -0.0227824   0.00624127    0.0140365   -0.0137789    0.0551204    0.0911145   0.00427134   -0.0645453   -0.0622982   -0.0191634   0.00949434    0.0327351   -0.0572688   -0.0622205      0.03332    0.0179384    0.0762513   -0.0526784    -0.062704   -0.0707025    0.0199937     0.022045    0.0531165  -0.00385572   -0.0551745    0.0512795    0.0779767    0.0244698    0.0552204     0.051069   -0.0209015    0.0249456   -0.0627543   -0.0204573    0.0759174   -0.0463177    -0.025519    0.0585851    0.0277747    0.0165619    0.0747736    0.0387897  -0.00965286    0.0434549    0.0576705  -0.00503701   -0.0274068   -0.0862898    0.0874787     0.088162  -0.00296463    0.0291734    0.0044472    0.0891615    -0.063632   -0.0452379    0.0123639    0.0122948    0.0180879   0.00406649   -0.0909584    0.0479978   -0.0425489   -0.0508975   -0.0523908    0.0791287   -0.0790106   -0.0429802    0.0374688    0.0929928    0.0930634   -0.0692736   -0.0392409   0.00444097   -0.0571494   0.00299423   -0.0733487   -0.0175509    0.0905353   -0.0475927    0.0332386
   0.0301378    0.0927098   -0.0685181    0.0121921    0.0192319    -0.039246   -0.0565728    0.0546043    0.0924681    0.0209306    -0.031342   -0.0763647   0.00838014   -0.0672869     -0.07594    0.0777277   -0.0553901   -0.0862827    -0.035288   -0.0522379   -0.0187336    -0.069523    0.0144386    0.0285392    0.0533981    0.0447663   -0.0553122   -0.0199655   -0.0922805   -0.0517537   -0.0476352    0.0657997    0.0873339    -0.069043   -0.0291907    0.0656831   -0.0842409   -0.0790609    0.0167314   -0.0925978   -0.0675353   -0.0442891   -0.0840077   -0.0886504   -0.0671545   -0.0798641  0.000242207   -0.0459302    0.0575932   -0.0572132   -0.0342925   -0.0537969    0.0480577    0.0801009    0.0172827    0.0690975  -0.00242356   -0.0235865   -0.0407339    0.0181446    0.0373796   -0.0918025    0.0479732   -0.0109474    0.0202388   -0.0476167    0.0227564   -0.0218695     0.027836    -0.017163   -0.0121945   -0.0906284    0.0640224    0.0183537   -0.0186401   -0.0449778    0.0503842   -0.0639855    0.0287162    0.0878838    0.0440366   -0.0158171   -0.0942433   -0.0323507   -0.0798286    0.0728564   -0.0822232    0.0849297    -0.055726   -0.0144234  -0.00333943   -0.0418066   -0.0191659    0.0486109   0.00419913   -0.0497067     0.030088    0.0385394 -0.000677674   -0.0604229   -0.0940768   -0.0148135    0.0496947   -0.0264812    0.0880994    0.0849323   -0.0783097   -0.0476978   -0.0453247    0.0711874    0.0819058   -0.0591495   -0.0632192   -0.0304935   0.00446052    0.0454693   -0.0840122    0.0113687   -0.0218053    0.0756526   -0.0490564   -0.0247736  -0.00268639   -0.0470616   -0.0537534    0.0746668   -0.0762141   -0.0489342  -0.00819258     0.048728   -0.0282544   -0.0079715    0.0925928    0.0811329   -0.0119375   -0.0797905   -0.0312881   -0.0763809   -0.0542342    0.0028996    0.0244576   -0.0239557  -0.00868877     0.041831    0.0292421    -0.081853   -0.0576058     0.087584   0.00606031  -0.00196443   -0.0193195    0.0690907  -0.00584164   -0.0321974   -0.0478525    0.0798075    0.0797242   -0.0419126    0.0322398  -0.00921208   -0.0848266  -0.00250719   -0.0725024    0.0315774    0.0177714   -0.0377296   -0.0914146    0.0860081    0.0703245   -0.0366672   -0.0810231   -0.0585732    0.0162347    0.0705239  -0.00848912    0.0654942    -0.070963    0.0327942   -0.0668353    0.0800399    0.0852414    0.0372521    0.0775018    0.0605873   -0.0683707    0.0852437   -0.0314178  -0.00330404    0.0920249    0.0891516    0.0145196   -0.0235654    0.0531855    -0.062491    0.0437138    0.0300288   -0.0818848     0.081524   -0.0695306   -0.0906563    0.0357939   -0.0713079   -0.0249798    0.0758588   -0.0928288    0.0429128    0.0918709    0.0702333   -0.0568816    0.0405165    -0.055981    0.0364677   -0.0815758    0.0228789   -0.0461363    0.0877041    -0.033595  -0.00682403  -0.00282026   -0.0832103    -0.079212     0.065426   -0.0301927   -0.0168796    0.0631492
   0.0614133  -0.00682183   0.00750896    0.0482768    0.0494403    0.0455033    0.0132554   -0.0751803    0.0513902  -0.00621391   -0.0613515   -0.0128192   -0.0259288    -0.012331    0.0303061    0.0515998    0.0294173   -0.0236824   -0.0341815  -0.00852382   -0.0187972    0.0650515    0.0325181   -0.0173915   -0.0416005   -0.0019376   -0.0240225   0.00820793   -0.0756859   -0.0930778   -0.0294691    0.0205438    -0.049878   -0.0282374   -0.0120842   0.00270525    0.0490845    0.0596337   -0.0514594   -0.0321566    0.0335651    0.0568069    0.0854364  -0.00226562   -0.0112965    -0.012797   -0.0845127   -0.0694948   -0.0230913   -0.0700181    0.0460551   0.00438022    0.0772309   -0.0166921    0.0610439    0.0471935    0.0170302   -0.0483119   -0.0591125   -0.0373185    0.0400976   -0.0373838   -0.0377669   -0.0725535   -0.0336239   -0.0321082    0.0322712   -0.0823577    0.0279875    0.0185196    0.0907041   -0.0464593    0.0422681    0.0364629   -0.0646574    0.0551949   -0.0565901   -0.0650071   -0.0797284   -0.0846453   -0.0399006   -0.0885126    0.0322144    0.0469614   -0.0743437   -0.0294915   -0.0540574   -0.0874603    0.0708119   -0.0913838    0.0712211    0.0118916    0.0851225   -0.0176563    0.0763813     0.075428    0.0574917    0.0144241   -0.0846091   -0.0049026    0.0631963  -0.00629941    0.0871319   -0.0291702    -0.074501   -0.0565807    0.0424499    0.0705949    0.0523121   -0.0410011   0.00531919    0.0628062    -0.091641    -0.012315   -0.0107109    -0.052875    0.0765958   -0.0285435   -0.0530927    0.0901273  -0.00647091   -0.0759468    0.0772229   -0.0195019  -0.00752038   -0.0151021  -0.00547896   -0.0529669    0.0657733   0.00706468   0.00563011    0.0208512   0.00159367    0.0269345   -0.0634132  -0.00717782    0.0335182     0.045482    -0.087087    0.0567666   -0.0788939   -0.0119164   -0.0567902    0.0638976   -0.0177714    0.0456683   -0.0634122   -0.0535042   -0.0845663   -0.0237862     0.080091   -0.0718118    0.0362499   -0.0777121    0.0713985    0.0481216    0.0221606    0.0116132   -0.0261342   0.00506878    0.0932381  -0.00742441   -0.0931531    0.0378513    0.0479417    0.0630066   0.00884704  -0.00330676   -0.0390366   -0.0762402    -0.019163   0.00921115     -0.05496   0.00209968    0.0895255   -0.0330289    0.0438119      0.03586    0.0151219   0.00617372   -0.0294507   -0.0811279   -0.0258817    0.0335213    0.0737705   -0.0866807    0.0123619   -0.0332846  -0.00772021   -0.0517818  -0.00485765    0.0679435   -0.0108061    0.0254046    -0.016301   -0.0148999  -0.00328519   -0.0823123     0.066753   -0.0238455  -0.00437796   0.00394976    0.0263336    0.0703458    0.0425098    -0.085152    0.0723022   -0.0549872    0.0615043    0.0885179  -0.00682803    0.0278174   -0.0112976   -0.0937097    0.0523937   -0.0502949    0.0749371   -0.0318378   -0.0264366   -0.0138263    -0.072238   -0.0433478   -0.0749264   0.00116865   -0.0612362
  -0.0861662   -0.0184528   -0.0624544   -0.0651958   -0.0635364    0.0583447    0.0292137  -0.00535489   -0.0839734   -0.0127144     -0.01713   -0.0342346     0.049501    0.0577527   -0.0435565   -0.0337824   -0.0793325    0.0875511    0.0467751    0.0910917    0.0630095   -0.0677125   -0.0460145    -0.061126   0.00752329  0.000758799     0.035046     0.081075   -0.0824467    0.0525176   -0.0921144  -0.00524078    0.0039055     0.087587    0.0248258   -0.0864254   -0.0842292   -0.0401524   -0.0427907    0.0269919   -0.0019138   -0.0615774   -0.0594987    0.0609021    0.0656712   -0.0219092    0.0489919   -0.0175801    0.0861538    -0.065098    0.0219607    0.0808911   -0.0747718    0.0854224    -0.045284    -0.025845   -0.0127204    0.0176393   -0.0360743    0.0528191    0.0339791   0.00499617   -0.0615686    0.0267606    0.0358379   -0.0143887    0.0910099   -0.0942129    0.0166099    0.0691303   -0.0847055    0.0201937   -0.0678217   0.00249728    0.0614615    0.0876211  -0.00355735   -0.0577146   -0.0852534    0.0241801   -0.0198207   0.00928056   -0.0274761    0.0621607    0.0239768    -0.011609   -0.0898777    0.0815485   -0.0127086   -0.0137209   -0.0420462   -0.0402772   -0.0763492    0.0567392   -0.0227484   -0.0234477   -0.0638597 -0.000807045   0.00292477   -0.0543088    0.0794991    0.0837502  -0.00758032   0.00417951   -0.0435275   -0.0358845   -0.0526851    -0.060535   -0.0484051    0.0687159   -0.0878724    0.0334228    0.0353489    0.0261458    0.0695479  -0.00724174   -0.0098472   -0.0394197  -0.00216502   -0.0468106     0.038771   -0.0735007   -0.0207333   -0.0494188    0.0350142   -0.0658959    0.0850615    0.0681725   -0.0771699   -0.0443432    0.0360355    0.0106176   0.00913007  -0.00318426    0.0737013    0.0586791    0.0393256    0.0720368    0.0583216     0.022153   0.00757499    0.0860768    -0.029529   -0.0465646   -0.0531657    0.0827508   -0.0345761    0.0170898   -0.0926646   -0.0877327     0.074766   -0.0787352    -0.039829   -0.0771944    0.0260631   0.00985271    0.0851337     0.054221   -0.0493478    0.0860851   -0.0129608   -0.0537213    0.0241524   -0.0695747   -0.0364359   -0.0242942    0.0218422   -0.0892896    0.0357996   -0.0820381   -0.0925445   -0.0889741   -0.0298494    0.0903899    0.0754791    0.0201902  -0.00150229   -0.0709263    0.0174965    0.0630851    0.0749356   -0.0651466    0.0409277    0.0849612    0.0140139    0.0182794  -0.00205267   -0.0384642    -0.069895    0.0815237    0.0150923   0.00313341    0.0611413    -0.016925   -0.0718409   -0.0814084    0.0838282  -0.00840457   -0.0516634   -0.0727657    0.0827993    -0.086364   -0.0722433   -0.0638808    0.0736683   -0.0037733     -0.03342   -0.0728762   -0.0130971    0.0463521   -0.0847736    0.0444726   -0.0289947   -0.0125857    0.0936346    0.0774009   0.00474516   -0.0149028   0.00529369    0.0708386    0.0071059   0.00449205   -0.0470934   -0.0282382   -0.0598736
  -0.0367488   -0.0877373   0.00730999    0.0440186     0.048317  -0.00850152   -0.0925091   -0.0104629  -0.00716771    0.0312382    0.0502245  0.000786278    0.0684265     0.076495    0.0760936   -0.0601098   0.00510837   -0.0713343   -0.0420177    0.0888181   -0.0219228    0.0877674     0.041007    0.0768056     0.086553   -0.0419914    0.0397275   -0.0792004    0.0830755   -0.0399196   -0.0893984    0.0679661   -0.0121878    0.0291434   -0.0358846  -0.00377199   -0.0763854   -0.0690091    0.0708599   -0.0411075    0.0537376     0.048078   -0.0513041   -0.0538682    0.0880285    0.0800879    0.0726139   -0.0912191   -0.0542678   -0.0653403  -0.00510953    0.0624447    0.0346679   -0.0889518    0.0084242   -0.0704675    0.0660123     0.057974    0.0711862    0.0763512   -0.0040822    0.0364575   -0.0413115    0.0217648   -0.0472816    0.0825021   -0.0859132   -0.0251405    0.0279039    0.0937278   -0.0373451    -0.081053   -0.0100648    0.0448129    0.0781381   -0.0777972    0.0437244    0.0267381    0.0652825   -0.0916505   -0.0260642    0.0586431   0.00931821     0.034454     0.076613   0.00255233  0.000448639    0.0893329   -0.0684584    0.0671489    0.0772206    0.0104281    0.0348378    0.0665426   -0.0333425    0.0218257   -0.0876406    0.0689605    0.0927962    0.0367828   -0.0541047   -0.0295953    0.0391639    0.0602193  -0.00200204   -0.0528761   -0.0199133  -0.00610198   -0.0115788   -0.0714987    0.0563408    -0.052741    0.0644845   -0.0894255   -0.0636746    0.0207362   0.00302692   -0.0927594    0.0330558   -0.0207933   -0.0015861   -0.0802835    0.0180938    0.0264859  -0.00889126    0.0154001   -0.0478291   -0.0581536    -0.034301     0.065839    0.0216833   -0.0662169   0.00892945  -0.00401796    0.0791591    0.0881917   -0.0668899    0.0572256   -0.0764783   -0.0330597   -0.0476703    0.0779002   -0.0168929   -0.0819789    0.0769584   -0.0407378   -0.0691359    -0.041273   -0.0711308 -0.000348173   -0.0127713    0.0495758    0.0097041    0.0222545    -0.030766    0.0115897  -0.00470403   -0.0510598  -0.00782015     0.035721   -0.0930224    0.0788129   -0.0319428    -0.038551    0.0424777    0.0201154    -0.021428    0.0135694    0.0753158    0.0934133   -0.0687803   -0.0568367    0.0215415   -0.0536064   -0.0123801    0.0466924    0.0435081    -0.062989   -0.0434806   0.00325542    0.0540456    0.0179069   -0.0819257   0.00723408   -0.0776904   0.00497669    0.0811424    0.0889242   -0.0407202   -0.0750244    0.0017624    0.0858078    -0.037962    0.0929312   -0.0674921    0.0524688   -0.0690124    0.0710713    0.0163457   -0.0480388    0.0573091   -0.0827895    -0.017063   -0.0906654   -0.0624287    0.0223001  -0.00618328   -0.0574676   -0.0354769   -0.0668615     0.084652    0.0459751    0.0571777    0.0881651    0.0355589    0.0870578    -0.050475     0.092202    0.0765578    0.0163643    0.0859074    -0.021749    0.0685802    0.0303079   -0.0593699
   0.0301295    0.0507103    0.0140525   -0.0386941 -0.000822033 -0.000460621    -0.089527   -0.0734084   -0.0533536    0.0808993    0.0641676   -0.0568756    0.0691384   -0.0381854    0.0125202    0.0334126    0.0635885    0.0757068   -0.0112348    0.0437393     -0.02426   -0.0511522    0.0260046   -0.0706654   -0.0590758  -0.00966549    0.0282671   -0.0463455   -0.0606055    0.0842786    0.0248923    0.0254263   -0.0761928    0.0538557   -0.0772217    0.0611015   -0.0489684    0.0775292   -0.0261876   -0.0555777    0.0867385    0.0162636    0.0392336    0.0407112    0.0291161   -0.0190494    0.0898562   -0.0911618   -0.0200296    -0.030005    0.0749957    0.0935516    0.0453947   -0.0763051    0.0663731   -0.0386632    0.0408437   -0.0765805    0.0931423   -0.0604131    0.0221679    0.0528149    0.0929715   -0.0195841    0.0824218    0.0148912    0.0204924   -0.0739901    -0.091434   -0.0478574    0.0901511    0.0104765     0.055496   -0.0678827    0.0744365    0.0390521   -0.0401064    0.0729982    0.0412906    0.0749181   -0.0372702   -0.0202959  -0.00342343   -0.0380013    0.0543913   -0.0471594    0.0427758   0.00726929     0.065864   -0.0655613    0.0440891  -0.00516872   0.00126966   -0.0770994     0.048643   -0.0521955   -0.0149635    0.0210644    0.0786323  -0.00638731   0.00569817    0.0338768   -0.0367443   -0.0842871    0.0799992    0.0356981    0.0838547   -0.0435993   -0.0480708     0.041701    0.0281014     0.024866   -0.0501012   -0.0421114   -0.0058555   -0.0222687   0.00305116    0.0687643   -0.0515713    0.0289023    0.0670167     0.016748    0.0912203    0.0928728   -0.0753154    0.0702876   -0.0843598  -0.00651513   -0.0866612    0.0670446   -0.0228117   -0.0517464    0.0296577   -0.0584169    0.0268497   -0.0222996    0.0274289     0.072873    0.0644195    0.0745692   -0.0176726    0.0346942   -0.0731709   -0.0472762  -0.00546938    0.0283457  -0.00986913   -0.0283592   -0.0315584 -0.000636105    -0.014538   0.00969784  -0.00845517    0.0262729 -0.000627897   -0.0769252   -0.0605307   -0.0873718     0.017087    0.0915295    0.0346782  -0.00616594    0.0799407   -0.0883723   -0.0848903    0.0112034   -0.0653185    0.0695462    0.0688137    0.0933565   -0.0200306    0.0347118   -0.0175159   -0.0706398   -0.0583618    0.0488718   -0.0037766   -0.0149128    0.0464139     0.056974    0.0680856    0.0671987    0.0863061    0.0458765   -0.0132763   -0.0700902   -0.0769423   -0.0464231   -0.0130769   0.00177894    0.0143989    -0.024575   -0.0192792    0.0817235   -0.0176507    0.0118889   -0.0450973   -0.0570438    0.0435434    0.0867811    0.0418641   -0.0330221     0.037825   -0.0409981    0.0461254   -0.0532998  0.000321475    0.0331104   -0.0902442   -0.0412399    0.0205913    0.0181885   -0.0596034    0.0577489    0.0462778    0.0795449     0.067714    0.0119681   -0.0285154   -0.0315494    0.0384072   -0.0517213  -0.00239455    -0.024532    0.0633525
    0.068456   -0.0826042    0.0825367    0.0431377  -0.00794958   -0.0367583   -0.0655278 -0.000600999   -0.0631009     0.028213   -0.0305116   -0.0643479    0.0869063    0.0326102    0.0125389    0.0730187     0.048361    0.0568587    0.0282011   -0.0144241    0.0124679   0.00230842  -0.00288575    0.0591595    0.0311388    0.0359639   -0.0689004    0.0150612   -0.0345113    0.0861931    0.0864451   -0.0746294   -0.0649492   -0.0828867   -0.0155994   -0.0693662    0.0711532   0.00516009   -0.0595424   -0.0934766    0.0367894   -0.0691198    0.0510458   0.00585482    0.0121014    -0.087074   -0.0643383   -0.0220048    0.0892729   0.00915338    0.0862366    0.0616059   -0.0755011    0.0365363   -0.0273082   -0.0537529    0.0428973    -0.035798   -0.0183739    0.0516805    0.0678469   -0.0671168    0.0855272    0.0254511   -0.0780271   -0.0262478    0.0116202    0.0205604    0.0369007    0.0719772    -0.038282    0.0160639    0.0369358   -0.0362876    0.0878597    0.0677767   -0.0587861  -0.00354003    0.0820257   -0.0288103   -0.0391835    0.0662913    0.0465088   -0.0355437    0.0802564   -0.0514987   -0.0427562    0.0300434    0.0888416   -0.0421378   -0.0133266   -0.0904691     0.012763    -0.036272  -0.00556693   -0.0690855   -0.0217743    0.0785104   -0.0702917   -0.0699574   -0.0211691  -0.00483255   -0.0679844    0.0617161   -0.0335337   -0.0501662    0.0772939   -0.0709612   0.00227645   -0.0736358    0.0481095   -0.0327567   -0.0340659    0.0703255   -0.0668444    0.0811837     0.062165    0.0579123   -0.0276816  -0.00410091   -0.0266076    0.0877969    0.0902956   -0.0524794    0.0336061   -0.0469303    0.0610682    0.0780936    0.0105959   -0.0367236   0.00879923    0.0820867    0.0516645   -0.0678075   -0.0789966  -0.00875213   -0.0772549   0.00518484    0.0369137   -0.0077084   -0.0121367   -0.0258768   -0.0891157   -0.0254546  -0.00616095   -0.0169995    0.0880505   -0.0870602   -0.0267429   -0.0250102    -0.020151   0.00100771    0.0641497   0.00863134   -0.0419449   -0.0850561   -0.0860724    0.0879712   -0.0424386   0.00889118   -0.0157122    0.0752378   -0.0762944   -0.0839148   -0.0305273   -0.0149036   -0.0612353   -0.0603272    0.0110649    0.0810565   -0.0934689   -0.0147238   -0.0894185   -0.0214069   -0.0894416    0.0561093   -0.0469114     0.019578   -0.0916972    0.0152181    0.0376287   -0.0913419    0.0138454    0.0769864   -0.0343905   -0.0892778     0.022138   -0.0211256   -0.0220372   -0.0258341   -0.0774097   -0.0767486   -0.0577146    0.0580767   -0.0843983  -0.00477821   0.00143614    0.0407791   -0.0144263    0.0650585    0.0752995     0.049781   -0.0109845    0.0682251   -0.0616107   -0.0519288   0.00756106    0.0217262   -0.0742677    0.0503889   -0.0317326   -0.0292169    0.0834747    0.0220918    0.0571026    0.0293979  -0.00999082   -0.0414697   -0.0770191   -0.0519578    0.0698374   -0.0513816  -0.00453377    0.0636481   0.00987524
    0.053435    0.0749996    0.0189867    0.0322744  -0.00282629    0.0778298   -0.0349865    0.0182902    0.0865122    0.0624182   -0.0158434    0.0645556   -0.0902023    0.0691204    0.0144229    0.0467101   -0.0161539    0.0713076   -0.0794399    0.0227383    0.0579341   0.00595442   -0.0509655    -0.020361    0.0514316    0.0834283   -0.0185896   -0.0538199   0.00385579      0.01985    0.0910755    0.0601303   0.00746367    0.0584752   -0.0244904    0.0749095   -0.0514708   -0.0921368   -0.0182609  -0.00636901    0.0545419  -0.00941344    -0.026143    0.0914585 -0.000397549  -0.00209151    0.0798208   -0.0612766    0.0180083   -0.0703483    -0.090237    0.0544005   0.00199292    -0.070172   -0.0493204  -0.00349479   -0.0820214   0.00659038   -0.0588927   -0.0363036   -0.0466826    0.0100234   -0.0141474    0.0130111    0.0724505   -0.0898059   -0.0178801    0.0807606   -0.0458166    0.0363476   -0.0596488   -0.0250541   -0.0882818   -0.0125322   -0.0524304   -0.0842184    0.0172202    0.0622329   -0.0325384    0.0846561    0.0394064   -0.0748213   -0.0186714    -0.013318   -0.0532116   -0.0114722    0.0432309   -0.0477042    0.0558659    0.0617096   -0.0591981    0.0913824    0.0386497   -0.0149753    0.0246664   -0.0780221   -0.0624452   -0.0470947    0.0770257     0.060772   -0.0297812    0.0435166   -0.0599495    0.0865158   -0.0345668   0.00787103    0.0242014    -0.023089    0.0117409    0.0250587    0.0769858    0.0896493   -0.0625531   -0.0292105   -0.0876299    0.0481727   -0.0100703    0.0636865  -0.00331273     0.045806    0.0885939   -0.0126102    0.0116098    0.0225006    0.0329102   -0.0452747 -0.000478531   -0.0913663   -0.0504883   -0.0178459    0.0792407    0.0368633  -0.00326473   -0.0466343   -0.0829293   -0.0850858    0.0186389    0.0742516    0.0229875   -0.0904268    0.0389022   -0.0285174    0.0515112   -0.0768137   -0.0427771    0.0473821   0.00814552   -0.0475034   -0.0639101    0.0671898    0.0564994   -0.0648561   -0.0835691  -0.00787671    0.0721463    0.0639257   0.00452079   -0.0428513   -0.0141299    0.0875633    0.0101496   -0.0311801   -0.0509858   -0.0205645    0.0528437     0.083869    0.0579494     0.046615   -0.0792923    0.0101973   -0.0820047   -0.0560247   -0.0874632    -0.048744    0.0604939    0.0515317   0.00533657   -0.0156194    0.0703783   0.00583909   -0.0250172   -0.0387453   -0.0789866   -0.0732014    0.0935769    0.0648671    0.0861455    0.0167813    0.0324351  -0.00278068    0.0702092   -0.0858828   -0.0204297   -0.0590643    0.0848655    0.0623514    0.0204903   -0.0217735   -0.0371562    0.0318158    0.0280867    0.0867908   -0.0615629  -0.00736894   -0.0884845    0.0549704    0.0361688    0.0443744    0.0805302   -0.0468483    0.0407599   -0.0800384   -0.0663201    0.0773589   -0.0366303    0.0498795    0.0732038   -0.0120697   -0.0591928    0.0336261   -0.0603313   -0.0461925   -0.0770823   -0.0685068   -0.0900026
  -0.0589081   0.00986438  -0.00522874    0.0745735   -0.0628285     0.090994    0.0825837    -0.014114    0.0592176    0.0731306    0.0323049    0.0215619    0.0394131   -0.0341069   -0.0126403   -0.0464455    0.0160176   -0.0347279   -0.0342081    0.0585803    0.0927592    -0.087499   -0.0623218     -0.02735    0.0148441   -0.0525148    0.0174145    0.0293458   -0.0201445  -0.00614648   -0.0495386    0.0222209    0.0782185   -0.0329616    0.0755343   -0.0576698   -0.0683398   -0.0682225   -0.0240435    0.0204423   -0.0139114   -0.0234754   -0.0644608   -0.0797127    0.0262937     0.074834  -0.00651621    0.0829399    0.0129748    0.0822843   -0.0896334   -0.0909664   0.00551431    0.0199687     0.090482   0.00629731    -0.056932    -0.064321   0.00545181   -0.0250249    0.0801452   -0.0881486   0.00871402    0.0605494   0.00115206  -0.00693925    0.0249674    0.0024107    0.0836075  0.000606942    0.0322178    0.0451086   -0.0638389   -0.0618837   -0.0323766    0.0809027   -0.0300439  -0.00406252   0.00924253   -0.0519012    -0.046895   -0.0751705    0.0160362    0.0376082   -0.0532077  -0.00609009   -0.0629773   -0.0437807   -0.0761212    0.0845855    0.0115177     0.029914  -0.00162886    0.0558312   -0.0606132    0.0667518   0.00129535    0.0529001   -0.0627433   -0.0236425   -0.0278108   -0.0901853   -0.0875087   -0.0499557    0.0722341   -0.0931496  -0.00255522     0.074883    0.0231212    -0.040839   -0.0411208   0.00757099   -0.0547328   -0.0103835    0.0592149   -0.0156177    -0.043057   -0.0355869   -0.0821657   -0.0686913    0.0185417     0.011061   -0.0156708    0.0102017    0.0414661   0.00891692   -0.0353536    0.0872872   -0.0837466   -0.0777246    0.0536232   -0.0667867   -0.0277599    0.0325992    0.0744963    -0.010948     0.036624  -0.00276904    0.0443902   0.00327578   -0.0138186   -0.0206845  -0.00740741   -0.0900458    0.0119979    0.0798495   -0.0567679    0.0740673    0.0152191    0.0297347   -0.0416291   -0.0280836    0.0209696    0.0369847    0.0857763    0.0895019   -0.0908859    0.0114299    0.0685166   -0.0168812    0.0279606   -0.0902972   -0.0455203   -0.0450772   -0.0111739   -0.0302338   -0.0757304    0.0332146    0.0211478   -0.0802167    0.0844476     0.046988    0.0207403    -0.063822   -0.0128248    0.0150848   -0.0465258    0.0847047   -0.0634865    0.0330714   -0.0203562   -0.0520994   -0.0467201    0.0611708   0.00780324   -0.0707942    0.0822057   -0.0545585   -0.0905765   -0.0600668   -0.0826627   -0.0486467   -0.0108811   -0.0329871     0.017566    0.0024735   -0.0770268    0.0577274    -0.072511    -0.044656   -0.0206009    0.0893455    0.0303349  -0.00828004   -0.0555245   -0.0475035   -0.0389891   -0.0250017    0.0484111   -0.0549906     0.068024   -0.0353325   -0.0453609    0.0857097    0.0293558   -0.0513662    0.0233127  -0.00910905    0.0536958   0.00353872   -0.0222476   -0.0177716    0.0456938  -0.00733344    0.0891266
  -0.0879687   -0.0472314  -0.00187977    -0.056372    -0.027657  -0.00530591   -0.0688147   -0.0122982     0.017066  -0.00685033   -0.0516619    0.0622379    0.0141873   -0.0222577     0.072713   -0.0339026   -0.0923654   -0.0214045     0.087754    0.0456487   -0.0232327  0.000786728   0.00389615    0.0911186   -0.0904921    -0.043473   -0.0271343   -0.0618052    0.0891154   -0.0282323   -0.0139823   -0.0298872    0.0515526    0.0896127    0.0457199   -0.0881128   -0.0807975    0.0311012    -0.033484   -0.0232392   -0.0370492    0.0112497   -0.0667105     0.035675    0.0266696    0.0335006   -0.0837853    0.0657599    0.0779319   -0.0721527      0.07424    0.0662534   -0.0721865   -0.0522303    0.0869414   -0.0575518   -0.0450863   0.00155092     0.011586   -0.0371486   -0.0514589   -0.0812525    0.0916595   -0.0601157    0.0768032    0.0691852      -0.0896   -0.0487531   -0.0549695    0.0613038    0.0566059   -0.0459993   -0.0122365  -0.00584559   -0.0683049   -0.0588808   -0.0721643     0.060697   -0.0163177    0.0747132   0.00319624   -0.0748846    0.0656193    0.0747734    0.0235837   -0.0104254    0.0454346    0.0613471   -0.0492201   -0.0239781    -0.023022    0.0153296   -0.0516039      0.05638   -0.0440167   -0.0354178   -0.0493034   -0.0144751    0.0768893   -0.0384197    0.0494693    0.0616376   -0.0638888    0.0684884    0.0107914    -0.072213    0.0784252    0.0207645   -0.0171215    0.0437663   -0.0870105    0.0204034     0.067786   -0.0786881    0.0170529    0.0461177   -0.0477336   -0.0794256    0.0310123   0.00801432  -0.00101802    0.0120577   0.00707564    0.0261307   -0.0504731    0.0888167   -0.0242958   -0.0515409   0.00360225   -0.0261892    0.0253556     0.041429    0.0791587  -0.00128647    0.0478836   -0.0285368   0.00607806    -0.052472   -0.0601362   -0.0575991      0.08542    0.0545856   -0.0155192    0.0614189  -0.00192587    0.0892793    0.0736191   -0.0495472   -0.0469565    0.0844898   -0.0846972    0.0536595   -0.0582148   -0.0646799    0.0893207   -0.0935607   -0.0908514    0.0913662    0.0632722   -0.0168732    0.0616875   0.00891756   -0.0723107   -0.0351542    0.0186764    0.0682034   0.00281181   -0.0417766   -0.0500014   0.00792336   -0.0794047    -0.024557    0.0518504    0.0936144   -0.0589827   -0.0509964    0.0624544    0.0673331    0.0872883    0.0460125   -0.0235808   -0.0174171    0.0560269   -0.0640146   -0.0675006    0.0128063    0.0456247   -0.0332008    0.0176852   -0.0221298   -0.0431956   -0.0651304   -0.0120804   -0.0470852   -0.0231046   -0.0814932   -0.0903713    0.0580332   -0.0509797    0.0868284   -0.0636374   -0.0651008   -0.0159199   0.00427907    0.0243902   -0.0131724    0.0543385     0.077018   -0.0049885   0.00451908   0.00755776   -0.0554738   -0.0461387    0.0710117    0.0485314   -0.0355273    0.0329238    0.0761239   0.00815273   -0.0925429   -0.0209048    0.0206516    0.0719755    0.0150611   -0.0917391
   0.0422102    0.0813118    0.0660362   -0.0638863    0.0350826   -0.0441081    0.0539885    0.0437564   -0.0200669   -0.0147967    0.0715872   -0.0813872    0.0663165   -0.0109732    0.0864461    0.0251421    0.0442245    0.0732232  -0.00656354    0.0162114   0.00930186    0.0770027    0.0441021     0.077816    0.0482693    0.0872171    0.0322184    0.0133267    0.0363315    0.0146845   -0.0314377   -0.0481329    0.0718574    0.0157469   -0.0291587    0.0263484   -0.0453027   -0.0786534   -0.0814407    0.0544279   -0.0629782    0.0478183    0.0793876    -0.069533   -0.0590035   -0.0697028    0.0190405   -0.0507809   -0.0105127   -0.0866973   -0.0681089    0.0343596   -0.0260346   -0.0480776  -0.00726986   -0.0108343   -0.0452923     0.055785    0.0369392    0.0695633    0.0104497    0.0528454  -0.00111901    0.0103897   -0.0819462    0.0812782   -0.0429759    0.0854415 -0.000288801     0.075659   -0.0926259   -0.0627291   -0.0400002    0.0695122     0.036005   -0.0582424    0.0526203    0.0843494   -0.0661223   -0.0259426    0.0198387    0.0226559  0.000724933   -0.0419797   -0.0727191   -0.0821694   -0.0614755    0.0920113    0.0229321   -0.0817914    0.0111047   -0.0259205   -0.0403017    0.0277017   -0.0132345   -0.0277579  -0.00358211   -0.0021172   -0.0317304    0.0433803      0.02608  -0.00129507   -0.0925928   -0.0716539   -0.0603594   -0.0756184    0.0462693   -0.0389446   -0.0617756   -0.0863437    0.0264712   -0.0916421    0.0521313   -0.0557054   -0.0720372   -0.0290553   -0.0582336    -0.078328    0.0115425   -0.0174626   0.00232731    0.0806527   -0.0706134   -0.0647047   -0.0352399  -0.00146686  -0.00594273   -0.0213812  -0.00774822    0.0800372   -0.0412295   -0.0320621   -0.0561166   -0.0617565    0.0100652    0.0570787     0.084383   -0.0139512    0.0647963   -0.0562821     0.075584   -0.0373783    0.0118159   0.00194803   -0.0756391   -0.0488246   0.00314389   -0.0681652   -0.0191764   -0.0740476    0.0467083   -0.0552724    0.0643713    0.0281894   -0.0868145    0.0589654     0.005241   -0.0394218   -0.0170446    0.0565546    0.0875574   -0.0637736    0.0522127   0.00140569   -0.0765914   0.00826447    0.0318719   -0.0448541    -0.026788    0.0544768    0.0201996   -0.0411485   -0.0177393   -0.0911745    0.0598274    0.0868299    0.0486211   -0.0474459    0.0434305  -0.00115347   -0.0732856    0.0319549  -0.00212286    0.0771064   -0.0647186    0.0916475   0.00467091   -0.0318749    0.0935153   -0.0793764   -0.0462015   -0.0347975   0.00872079    0.0231362   -0.0565006   -0.0550341    0.0332781   -0.0178639   -0.0734039     0.075117    0.0206342   -0.0711275   -0.0323828    0.0709921    0.0100754   -0.0149204   -0.0712845   0.00443196    0.0632674    0.0424441   -0.0490019    0.0218002    -0.027513   -0.0630607   -0.0598995   0.00413008   -0.0566044   -0.0734268   -0.0773497   -0.0525021   -0.0585932    0.0271836    0.0378502   -0.0908122    0.0193393
  -0.0722093   -0.0422063   -0.0181978    0.0463288   -0.0324339    0.0317957   -0.0558053   -0.0544063   0.00869312   -0.0412173   -0.0767727  -0.00113187    0.0523067   -0.0620713    0.0706674   -0.0542803   -0.0531211   -0.0847844   -0.0552659   -0.0422641    0.0146897    0.0160838   -0.0796001   -0.0775288  -0.00162083    0.0900354    0.0103507   -0.0327167    0.0874631   -0.0640959    0.0594268    0.0850641   -0.0641953   -0.0553851  -0.00299968   0.00745243    0.0522895   -0.0192443  -0.00841599    0.0332825   -0.0537644   0.00782722    0.0776384    0.0939558    0.0510416   -0.0784504    0.0180619   0.00769949    0.0564748   -0.0225093   -0.0820498   -0.0647943    -0.054407     0.088215   -0.0518766    0.0933084    0.0265146   -0.0153324   -0.0330441   -0.0823666    0.0554276     0.016582   -0.0327215   -0.0348505   -0.0827391   0.00539549    0.0119647    0.0537157    0.0747681   -0.0939628    0.0135959    0.0467637   -0.0322871  -0.00760298   -0.0571453    0.0226267   0.00599464   -0.0457231 -0.000688951   -0.0237426    0.0214434    0.0389491   -0.0555889   -0.0559478 -0.000906469    0.0154718   -0.0508657   -0.0109753   -0.0783908    0.0132367    0.0240072   -0.0532622    0.0667316   -0.0787514    0.0613694   -0.0407636    0.0678184   -0.0449629    0.0294205     0.038908   -0.0787113    0.0301756   0.00547718   -0.0482677   -0.0937007   -0.0592281    0.0161072    0.0268714    0.0784575  -0.00833369   -0.0331836   -0.0602387    -0.052094   -0.0525332   -0.0907714   0.00662605    0.0221686  0.000460408   -0.0662128    0.0371321   -0.0932018   -0.0808926   -0.0292989    0.0338693    0.0710424    0.0679579    0.0574605   -0.0129364   -0.0108468    0.0088081    0.0393795   -0.0137353    0.0344589    0.0707635   -0.0815411    0.0933981 -0.000578162    -0.012667   -0.0638419   -0.0262088    0.0241802   -0.0393813    0.0494952     0.016051    -0.080335   -0.0900705   -0.0113116   -0.0170698    0.0413348   -0.0837226   -0.0213958   -0.0756562    0.0599782   0.00707509    0.0196848   -0.0915935    0.0623604     -0.07761   -0.0651861     0.060355  -0.00976566    0.0915411    -0.015013   -0.0871455    0.0845127   -0.0125443     0.026815   -0.0291944    0.0705745   -0.0127238    0.0446436   -0.0270933    0.0738727    0.0127195  -0.00971837   -0.0193687   -0.0539769    0.0390449   -0.0166515    -0.017779    0.0727712   -0.0311041    0.0795157    -0.035233  -0.00937123   -0.0412319    0.0795723    0.0443933   -0.0281705   -0.0608324   -0.0677582 -0.000567331    0.0486024    0.0700146   -0.0535787    0.0402538     -0.03778  -0.00327541   0.00390599    -0.023779   -0.0397648    0.0156988    0.0534883    0.0536181   -0.0788133    0.0568529    0.0403715  -0.00200538   -0.0414378   -0.0860041    0.0161872   0.00994651    0.0707202   -0.0360842     0.060576   -0.0169848   -0.0668381    0.0285674    0.0745499    0.0204699    0.0195312     0.017916   -0.0214035   -0.0637641    0.0925953
  -0.0842024   -0.0251598    0.0501948    0.0197111   -0.0756092    0.0565411    0.0572619    0.0261774    0.0569406   -0.0924381   0.00140171     0.079746   -0.0812255   -0.0642318   -0.0836392   -0.0575161   -0.0523647    0.0197552   -0.0913113    0.0846637    0.0287841   -0.0788045    -0.074301   -0.0827624     -0.07374    0.0491871   -0.0313798    0.0428264   -0.0378822   -0.0350501    0.0162027   -0.0647413    0.0423358   -0.0688635    0.0846157   0.00316841    0.0209359   -0.0108902    0.0415526    0.0626257    0.0905143    0.0517661    0.0353976    0.0190325    0.0263445  -0.00973865   -0.0679548   -0.0104591  -0.00864953    0.0786029   -0.0425502    0.0784845      -0.0427   -0.0123564    0.0808755   -0.0151474   -0.0460588   -0.0662154    0.0905346    0.0240882   -0.0395446     0.068456    0.0139607   0.00144371   -0.0523283     0.080727    0.0100764    0.0574925    0.0930271     0.041791     0.056924    0.0618775   -0.0597537    0.0561482     0.018373   -0.0217452    0.0447433   -0.0275893      0.03224   -0.0202567    0.0737346    0.0408397    0.0102875   -0.0750963    0.0619169     0.082949   -0.0333746   -0.0837996    0.0340856  -0.00808796    0.0844956   -0.0549441   -0.0105851    0.0288307   -0.0284871   -0.0683293   0.00421388   -0.0409377   -0.0623546    0.0852816  -0.00590361    0.0772072    0.0605677   -0.0203154    0.0568047   -0.0716327   -0.0750837   -0.0574092   -0.0845309    0.0279428  -0.00106328    0.0815008   -0.0867336   -0.0365012    0.0588007    0.0496271    0.0531734    0.0370239   -0.0628082    0.0360825   -0.0581668    0.0131369    0.0204639    0.0911127    0.0776771    0.0655782   -0.0506188   -0.0883613    0.0849468    0.0572448   -0.0601173   -0.0134724   -0.0288575   -0.0611085    0.0243662    -0.015797   0.00519527    0.0412307    0.0214777   -0.0271601   -0.0350697   -0.0155151    0.0393803    0.0166332   -0.0801558   -0.0853366    0.0778295     0.033422    0.0302546    0.0315437   -0.0741389   -0.0620172   -0.0395901    0.0895792   0.00211484     0.020405    -0.088164    0.0594456    0.0799431    0.0122216    0.0277616    0.0934328   -0.0750505    0.0441137    0.0258118    0.0584352    0.0845484    0.0793193    0.0150852    -0.015783   0.00215243   -0.0741944   -0.0695238    0.0732062    0.0480177    0.0335661   -0.0511952   -0.0809247    0.0320523   -0.0649199    0.0529211   -0.0389268   -0.0693581   -0.0787798  -0.00845263   -0.0908458    -0.089888   -0.0479094   -0.0322024    0.0439807  -0.00974713   -0.0386077    0.0816332   -0.0927638   -0.0473709    -0.040791    0.0441634   -0.0740277    0.0400258  -0.00354653   0.00686453   -0.0105848    0.0940598   -0.0365136   -0.0162727   0.00229521    0.0169104    0.0231086     0.087287    0.0573622    0.0158346    0.0549943    0.0580887     0.047451   -0.0818337   -0.0692322   -0.0783419   -0.0849951   -0.0575607    0.0762879     0.093846   -0.0540981  -0.00438934    0.0879385   -0.0612223
  -0.0631108    0.0913903   -0.0534046    0.0805894   -0.0394872   -0.0254364    0.0162487   0.00673743   -0.0881705    -0.052137    0.0734299    0.0142954    0.0517816    0.0020822   -0.0720667    0.0357838    0.0809893   -0.0734225   -0.0810892     0.019181 -0.000315318    0.0115059    0.0595786   -0.0907659    0.0597878   -0.0808038   -0.0128754    0.0762278    -0.015123    0.0710833    0.0277931    0.0623508   -0.0871647   -0.0361982  -0.00374131    0.0166832    0.0521466    0.0365634   0.00195002   0.00169962    0.0939284    0.0440517    0.0368728    0.0601455    0.0543099    0.0509226    -0.084979   -0.0244548    0.0733091   -0.0010659   -0.0837869    0.0860904    -0.041831    0.0035033    0.0746546   -0.0242397    0.0338412   -0.0845547    0.0650047     0.065817    -0.059743   -0.0809801   -0.0269439   -0.0699305    0.0137785    -0.065331   -0.0565298   0.00123702   -0.0370772    0.0744053     0.043446    0.0884758   -0.0724036   -0.0845224  -0.00212776    0.0544115   -0.0634058    0.0348118  0.000569355   -0.0879834    0.0938629   0.00210953   -0.0527163    0.0625887   -0.0535345    0.0740284   -0.0728074   -0.0356442    0.0334134    0.0465751   -0.0912642   -0.0357058 -0.000964885   -0.0771643   -0.0786847    0.0380359    0.0223695   -0.0921842    0.0216129    0.0753067    0.0170807    0.0870822    0.0788953    0.0831947    0.0136062    0.0754671    0.0689175   -0.0197474   -0.0249039   -0.0765937   -0.0398669   0.00157555    0.0393511   -0.0481582   -0.0142575   -0.0645355    0.0856744    0.0691263   -0.0457145    0.0140102   -0.0558711    -0.071795    0.0368044    0.0500402   -0.0384081   -0.0180706   -0.0346455     0.022281  -0.00182861    0.0707031   -0.0782656   0.00210156     0.024692   0.00366695    0.0432376    -0.012836   -0.0256949    0.0855249    0.0117461    0.0594765    -0.045857    0.0218329    0.0905818   -0.0529525    0.0352749   -0.0346995    0.0120882   -0.0846166   -0.0800353    0.0504879   -0.0160288   -0.0351304   -0.0919268    0.0828802   -0.0915163   -0.0332006   -0.0686349   -0.0333049   -0.0518799    0.0422168   0.00549811     0.058269    0.0513646    0.0206361    0.0618032   -0.0602047  -0.00397378   -0.0545866   -0.0417496   -0.0247189   -0.0898643    0.0552848   0.00234717   -0.0664174    0.0387526    0.0405666   -0.0120937  -0.00436027    0.0567868   -0.0633821   -0.0439246  -0.00940491    0.0532312   -0.0865326   -0.0492174   -0.0110861   0.00810598    -0.027482    -0.048675   -0.0172979    0.0920601    0.0497363     0.064394    0.0104885   -0.0549835  -0.00812409     0.086768   -0.0679814   -0.0531507    0.0208618   -0.0771933    0.0300179    0.0513133     0.070771    0.0678428    0.0630879    0.0252916   -0.0729385  -0.00790497    0.0354503   -0.0859206   -0.0566461   -0.0667997    0.0893089    0.0818325    0.0165773   -0.0315557   -0.0574877    -0.068064   -0.0157819   -0.0765862    0.0267487    0.0780331 -0.000920645    0.0129969
    0.023493   -0.0110363   -0.0210884    0.0872051   -0.0461254    0.0865894    0.0130392    0.0561233   -0.0788504   -0.0351068   -0.0346289   -0.0219828   -0.0276788    0.0839912   -0.0215313    -0.032066    0.0769435    0.0904858   -0.0344075   -0.0290724   -0.0604102   -0.0785125    0.0261867    0.0763307   0.00189419    0.0555422    0.0238279    0.0486888    0.0694101     0.015062    0.0362292    0.0185763    0.0924364   -0.0482689    0.0550831   -0.0905698   -0.0253082   -0.0613785   -0.0661335   -0.0590483    0.0422161    0.0074747    0.0274092    0.0365477    0.0169062    0.0701404   -0.0252964    0.0170013   -0.0622609   -0.0434811    0.0111652   -0.0543003   -0.0625975   -0.0478969    0.0459077    0.0736821   -0.0920061   -0.0757721   -0.0233179     0.076919    0.0269637      0.05112   -0.0194206    0.0324865   -0.0583887    -0.075107    0.0409146    0.0914668   -0.0182758   -0.0367591  -0.00627976  -0.00407121   -0.0380922    0.0142743   -0.0473868   -0.0737819   -0.0338747   -0.0148481    -0.060158    0.0711077    0.0277408    0.0385311    0.0408016   -0.0143832   -0.0325987    0.0562182   -0.0711182    0.0104982   -0.0197541   -0.0476308   -0.0236986   -0.0502454   -0.0632551    0.0145646     0.078486   -0.0251674    0.0115734    0.0716875    0.0315171     -0.03376    0.0908763   -0.0470246  -0.00172149   -0.0636533    0.0837749     0.048659  -0.00270654   0.00150805   -0.0355709    0.0610433   -0.0154964   -0.0058247    0.0437625    0.0810989   -0.0446487    0.0866495     0.051914  -0.00814605   -0.0913674    0.0856985    0.0150893   -0.0424828  -0.00681305   -0.0236072    0.0268016   -0.0647312   -0.0548911     0.046699   -0.0828468   -0.0873014    0.0158017   0.00228003   -0.0577204    0.0011746    0.0164067    0.0423548    0.0808668     0.055919   -0.0725979    0.0798183   -0.0106242   0.00904252   -0.0229528    0.0123519   -0.0390066    0.0394853    0.0482698    0.0892993    0.0509991    -0.069477   -0.0651888    0.0025959   -0.0694332    0.0094292   0.00828401   -0.0888289   -0.0651212    -0.051964  -0.00421017   -0.0858057   -0.0618297    0.0027583   -0.0510249       0.0585    0.0108679    -0.045022    0.0608912    0.0611128    -0.078293    0.0398075   -0.0743562   -0.0226767    0.0348766   -0.0792142    0.0181452    -0.074897    0.0808707   -0.0673297    0.0732691   -0.0552731   -0.0848917    0.0192522   -0.0241701   -0.0762826  -0.00162291   0.00383163   -0.0257947   -0.0417816    0.0386284   -0.0152266   0.00922486  -0.00278816    0.0040578    0.0401277    0.0511906    0.0795512    0.0483768   -0.0107883    0.0302055    0.0173512    0.0753779    0.0327864   -0.0107747    0.0106505    0.0862387    0.0304147    0.0091784   -0.0709947   -0.0200954  0.000371823   -0.0426434    0.0183068   -0.0802068  -0.00860297    0.0556039   -0.0294332    0.0440201    0.0912927   -0.0772187    0.0466868   -0.0905316    0.0356107   -0.0889357    -0.080012  -0.00260626
  -0.0874471    0.0926141   -0.0551224    0.0929036    -0.082685   -0.0838652    0.0495704   -0.0550643     0.018783   -0.0770076    0.0605758   -0.0491637  -0.00892742   0.00237029   -0.0939289    0.0152335   0.00985016   0.00241788    0.0934554   -0.0440246    0.0939926   -0.0449338   -0.0585326    0.0377051   -0.0916902   -0.0431996   -0.0701184   -0.0276266   -0.0834743   -0.0599209   -0.0630161    0.0657688   -0.0333688   -0.0707081   -0.0579341   -0.0360294     0.024647    0.0580825     0.074455    0.0907731    -0.062815 -0.000298708   -0.0514086   -0.0478392   -0.0313887   -0.0871133   -0.0920953    0.0585254   -0.0859291   -0.0779389    0.0082497  -0.00463119  -0.00271936     0.019327   -0.0613023   -0.0635207   -0.0666577   -0.0639406   -0.0795184   -0.0935106   -0.0569065   0.00113884   -0.0292003     0.076304    0.0744391   -0.0719426    0.0292504   0.00412621    0.0902131   -0.0707657    -0.074116   -0.0386832    0.0304559   -0.0762249   -0.0616335    0.0251488    0.0652423    0.0328169    -0.076889    0.0138662    0.0505614   -0.0257004   -0.0454624    0.0599861   -0.0467472   -0.0439306   -0.0714373   -0.0606369   -0.0496971    0.0664389   -0.0574161    0.0156381    0.0334503    0.0598565    0.0803584   -0.0841242    0.0733274    0.0649166    -0.084948    0.0225178    0.0546173    0.0738026   -0.0807378    0.0722441    0.0874323   -0.0821387    0.0678562    0.0341651     0.011258    0.0866528   -0.0343008   -0.0282765   0.00172257   -0.0870196    0.0456187   -0.0893025     0.045542  -0.00534299    0.0233267     0.038996   -0.0667492   -0.0660547     0.072262  -0.00998126    -0.040211  -0.00190111    -0.021069   -0.0489715    0.0373649    0.0686789   -0.0531378   -0.0919516    0.0677035    -0.024548   -0.0687401   -0.0936712   -0.0467308    0.0278166   -0.0168841  -0.00547712   -0.0495323    0.0681416    -0.045858    0.0879613     0.026477   -0.0300624    0.0230339   -0.0125891     0.025273    -0.011738   -0.0493351   -0.0329251    0.0572867   -0.0741349   -0.0827369   -0.0655919    -0.082712    0.0886054   -0.0663018   -0.0862695    0.0362368   -0.0626778    0.0219887    0.0873697  -0.00996915   -0.0249778   -0.0547545    0.0459296    -0.018083  0.000204933    -0.052321   -0.0542697   0.00208037    0.0138019    0.0630844   -0.0425696   -0.0318113    0.0942269    0.0590035   -0.0859317    0.0919289   -0.0295377     0.044175  -0.00866895   0.00954563   0.00181216   0.00822448    0.0205768    0.0202969   -0.0116718    0.0693072    0.0648981   -0.0154359   0.00557494    0.0870377   -0.0838813    0.0294337      0.06863   -0.0650435   -0.0676219   -0.0700651   -0.0294878    0.0325653    0.0469926    0.0886587  -0.00574705   -0.0469557   -0.0619939   -0.0779886   -0.0570141   -0.0780745   -0.0819301   -0.0178854    0.0615251   0.00384427    0.0806527   -0.0134942    0.0533059    -0.060549    0.0933501    0.0462519   -0.0503488   -0.0630595    0.0932837   -0.0469534
   0.0512403   -0.0903377   -0.0550714   -0.0688138   -0.0408645   -0.0138404    0.0266645   -0.0379731   -0.0489539    0.0609268    0.0907033   -0.0194097    -0.091663    0.0874357    0.0245845    0.0361358   0.00194187    0.0307086    0.0156096    0.0183556    0.0499409    0.0112176   -0.0796361   -0.0550175   0.00321198    -0.078213    0.0382059   -0.0881715    0.0515313    0.0818899    0.0621531    0.0936155     0.072885     0.024714    0.0198315      0.05303   -0.0781637   -0.0330706   -0.0342484   -0.0181263    0.0904206    0.0755176   -0.0577068    -0.085544   -0.0878102    -0.074747   -0.0778115   -0.0222692    0.0375537   0.00728591   -0.0674448  5.91495e-05    0.0478187    -0.093497 -0.000299315   0.00873888    0.0646014   -0.0569315   -0.0932168    0.0805794   -0.0589727   -0.0436057    0.0684759  -0.00484984  -0.00419846   -0.0851727   -0.0341915   -0.0637935    0.0613299    0.0703374    0.0669612   -0.0799211   -0.0168058    0.0402144    0.0159282    0.0870589    0.0560239   0.00577323   -0.0608946   -0.0705915    0.0134482     -0.04161    0.0158642   -0.0771546   -0.0878293   -0.0669997   -0.0224571   -0.0128006    0.0670574    0.0911588    0.0694556   0.00115902   -0.0796076    0.0505669    0.0754527    0.0241134    0.0325262    0.0754241  -0.00775136    0.0846396   -0.0546824    0.0474186     0.058417    -0.091824  -0.00843066    0.0686185    0.0810598   -0.0461721   -0.0850196    0.0289452    -0.047495    0.0615556   -0.0832063    0.0478453  -0.00699615    0.0753641    0.0906528    0.0203874    0.0432234    -0.056944    0.0774057   -0.0442633    0.0650306    0.0280213    0.0458915    0.0359993    0.0577343    -0.093069    0.0434808    0.0137871    0.0846943    0.0432447    0.0270213   -0.0229105   -0.0755913    0.0127049   -0.0250852   -0.0554868   -0.0547182   -0.0516885    0.0429467    0.0665815    0.0644425  -0.00452966    0.0289553    0.0860584    0.0763067    0.0326982   0.00165649     -0.01852    0.0665141   0.00981543    -0.030571    0.0458859   -0.0713703   -0.0216566    -0.039946   -0.0217361   -0.0575554     0.070196    0.0135095  0.000224848    0.0829677   -0.0516561     0.054892    0.0241071    0.0653293   -0.0150602   -0.0901009     0.051479   0.00462152   -0.0913171    0.0423584    0.0299439   -0.0417264   0.00937012    0.0396176    0.0581093    0.0567328    0.0899023   -0.0355753   -0.0117569   -0.0705873    0.0519233    0.0363945    0.0927405   -0.0843628    0.0750234    0.0661827   -0.0912818   -0.0138926    0.0247626    0.0350112    0.0893334    0.0448724   -0.0153673   -0.0913942    0.0557333   -0.0788016    0.0500993   -0.0505343    0.0542337   -0.0724554   0.00905547    0.0205545    0.0574657   -0.0747364   -0.0256133     0.024382    0.0517426   -0.0486539   -0.0404397   -0.0544488   -0.0228574    0.0490766   -0.0738593   -0.0451839     0.023299    0.0795228      0.01795    -0.077517   -0.0212803   -0.0665966    0.0303007    0.0119997
  0.00590067   -0.0540769   -0.0171452   -0.0621472   -0.0206583    -0.048556    0.0934797   -0.0114931   -0.0225425    0.0102202   -0.0679829   -0.0255605    0.0471924    0.0866091   -0.0283766    0.0867994    0.0187984  -0.00185323     0.090582    0.0808181    0.0522263    0.0657094   -0.0568767    0.0909755    0.0411576   -0.0355267    0.0398958  -0.00738622    0.0755195   -0.0276876    0.0238382   -0.0135515     0.091771   -0.0696648   -0.0144839    0.0235426   -0.0665591   -0.0452613  -0.00492317  0.000984195   -0.0701911   0.00361437   0.00864591    0.0731217    0.0256431    0.0766111  -0.00576249    0.0334708   0.00975082    0.0883535   -0.0758298   -0.0274642    0.0317425    0.0942028    0.0466916   -0.0208981    0.0110137    0.0831102    0.0140315    0.0779831    0.0132623    0.0864282    0.0312546   0.00668147    0.0310424    0.0149755    0.0500228   -0.0370056    0.0122116   -0.0697101   -0.0302233   -0.0313909   -0.0237324    0.0917494    0.0871085    0.0364272   -0.0410967   -0.0531051    0.0398961   -0.0840678    0.0514302   -0.0423017    0.0934725   -0.0927999   -0.0154723    0.0626698    -0.043837     0.082322    0.0617262   -0.0748543   -0.0268207   -0.0750707    0.0321848    0.0292379     0.034772   -0.0439956   -0.0585941   0.00993283    0.0126603    0.0527695     0.081235   -0.0074261   -0.0485838    0.0890446    0.0862318   -0.0540525   -0.0283689   -0.0117131    0.0125379    0.0703046   -0.0808321    0.0409612    0.0110372    0.0921735   -0.0910843   -0.0146276    0.0329973   -0.0117741    0.0233009    0.0346411    0.0524262    -0.059358    0.0432046   -0.0528575    -0.039458    0.0754412    0.0753891    0.0101525   -0.0816348    0.0504603   -0.0646922  -0.00730661    0.0798052    -0.066085    0.0877771    0.0610444  -0.00070928   -0.0634471   -0.0338038   -0.0691808    0.0319682   -0.0422916   -0.0506523   -0.0174866    0.0507446   -0.0258403    0.0400473    0.0713251   -0.0105836    0.0264604    0.0105721   -0.0251709    0.0346632    0.0731391    -0.040111   -0.0659183   0.00750314   0.00237093    0.0683347   -0.0490802   -0.0859147   -0.0780131    0.0434809    0.0471867    0.0534927   -0.0844109  -0.00928256    0.0321612  0.000927723    0.0439875    0.0714037    0.0762257    0.0378405     0.057425   -0.0461918   -0.0223425   -0.0040401    0.0665688    0.0370975   -0.0928212   -0.0892703    0.0779578    0.0583539   -0.0525891   -0.0439805   -0.0540547   -0.0273351   -0.0318634    0.0193709   -0.0433248    0.0122239    0.0776001   -0.0654605    -0.019142    0.0462432    0.0301427   -0.0612714  -0.00790164  -0.00834209    0.0328306    0.0311963    0.0765331   -0.0508219     0.032476   0.00101322   -0.0433117   -0.0276368   -0.0514502    0.0485722   -0.0695271   -0.0851818    0.0639338   -0.0263657    0.0312291   -0.0615344   -0.0746375    0.0644417   -0.0481722    0.0403612    0.0319288    0.0216993    0.0523746   -0.0159351   -0.0523277   -0.0665864
   0.0663755   0.00423384   -0.0149183   -0.0185225   -0.0505513   -0.0102425   -0.0932665   -0.0558655   -0.0869911   -0.0052692    -0.023485   -0.0228658     0.059793   -0.0447182    0.0869611    0.0811378   0.00236869   -0.0730646   -0.0026787   -0.0477235    0.0805298   -0.0869884   -0.0871041    0.0751094    0.0935663    0.0922389   -0.0113642   -0.0820117   0.00342041   -0.0786824   0.00357721  -0.00467391    0.0473606    -0.073218    -0.033318    0.0437676   -0.0460913    0.0858044   -0.0650873  -0.00843098    0.0324501    0.0237911    0.0464867    0.0550876   -0.0525479    0.0328107    0.0787967    -0.041518    0.0418226    0.0260928   0.00232231    0.0138199    0.0640973   -0.0432114   -0.0613804    0.0774518    0.0067251     0.041354   -0.0906891    0.0148018   -0.0732044   -0.0798798   -0.0370529    0.0132776   -0.0131603    0.0533806    -0.050055   -0.0401319   -0.0410735    0.0357268   -0.0495451    0.0253745     0.093346  -0.00567639   -0.0641651    0.0179764    0.0073886    0.0860011   -0.0357131   -0.0405186    0.0607744   -0.0685511   0.00651687    0.0591777   -0.0452662     0.034878    0.0855134    -0.010193    -0.061656    0.0338842   -0.0379895    0.0830983    0.0526605  -0.00223966    0.0153154    0.0449287   -0.0649491   -0.0879584    0.0192658   -0.0591028    0.0131059    0.0607567   0.00611695   -0.0706206     0.082196   -0.0901878   -0.0804772   -0.0884847    0.0938258   0.00490979   -0.0582771   -0.0148277   -0.0515971    0.0182985    0.0435113   -0.0861059   -0.0633665   -0.0666266   -0.0827283   -0.0319841    0.0621728    0.0806523   -0.0813769   -0.0610576   0.00121241    0.0529218   -0.0399087   -0.0678633   -0.0467636     0.081325    0.0916034   -0.0623629    -0.033884   -0.0390238   -0.0405442    0.0883868   -0.0799673   -0.0671736    0.0139497        0.055   -0.0244323    0.0058289   0.00613122   -0.0569719   -0.0852904   -0.0735987    0.0914744   -0.0668227   0.00231721    0.0719592    0.0714062    0.0719279   -0.0621652    0.0548092    0.0846832    -0.011422   -0.0543494   0.00182763      0.03035    0.0763461    0.0814374   -0.0543116    0.0382566    0.0365696   -0.0570633    -0.065766   -0.0448846   -0.0576339   -0.0802027   -0.0931482    0.0859474    -0.077147   -0.0159748   -0.0426386    0.0262285   0.00551951    0.0401271  -0.00409406    0.0312914    0.0454468    0.0933886   -0.0245271    0.0278519   -0.0445959    0.0512375    0.0521126    0.0484507    0.0875226    0.0827144   -0.0865818   -0.0682985   -0.0171589   -0.0321167    0.0343954   -0.0263852    0.0566428   -0.0347045   -0.0869222    0.0213358    0.0183169    0.0570464   -0.0925724    0.0148175    0.0904516    0.0268538    0.0895471   0.00401353   0.00465014   -0.0351579    0.0858389   -0.0533207    -0.072831   -0.0482325   -0.0591215   -0.0592075   -0.0751626   0.00614919    0.0234667   -0.0144402    0.0394304   -0.0161002    0.0656314     0.083596   -0.0169324  -0.00500014
  -0.0765498    0.0703187    0.0434433    0.0105488    0.0348939    0.0298892   -0.0778589   -0.0369587   -0.0105385    0.0682167  -0.00884683    0.0513862   -0.0202479    0.0529478    0.0741472     0.028816   -0.0112012   -0.0612036    0.0368259   -0.0786041   -0.0920635   -0.0025336   -0.0723436   -0.0478407   -0.0159596   -0.0789276    0.0361638  -0.00525479    0.0638005   -0.0089706    0.0777516   0.00291185   -0.0260698   -0.0222063    0.0408944   -0.0745689    0.0598848     0.015119   -0.0427249    0.0110673   -0.0122913    0.0136868    0.0603652    0.0552235    0.0615583    -0.033014    0.0492802   -0.0377534    0.0903166   -0.0451724    0.0529289   -0.0918994   -0.0326422    0.0648813    0.0507702    0.0416393    0.0477723    0.0440745    0.0424181    0.0841712      0.05011   -0.0225292     0.082877    0.0523781   -0.0852017  -0.00405212   -0.0750918   -0.0195676   -0.0730829    -0.065017   0.00840715   -0.0351853   -0.0857123    0.0392795   -0.0840291   -0.0713871   -0.0202806   -0.0811191   -0.0691745   -0.0120237    0.0672105   -0.0751165     0.041594    0.0236432    0.0656293    -0.017985     -0.08186   -0.0215681   -0.0374165   -0.0647781   0.00905888    0.0574505   -0.0907902   0.00894645   -0.0210679   -0.0548522    -0.016826    -0.083806  -0.00142884   0.00962448   -0.0195042   -0.0337563    0.0248927   0.00857381    0.0152296    0.0565336    0.0851529   -0.0323685   -0.0792234    0.0284901    0.0516957   -0.0910024   -0.0037531    0.0905291   -0.0829786    0.0245945    -0.089734    0.0513018    0.0708777   -0.0453915   -0.0488592   -0.0763714     0.051402    0.0409253    0.0791148   -0.0570692    0.0163752   -0.0386968    0.0698984    0.0613044    0.0717384    0.0405672    0.0589393    0.0374864   -0.0203342    0.0664416   -0.0309793   -0.0411732   -0.0276109     0.056542   0.00366586   -0.0521317   -0.0240095   -0.0926793    0.0662643   -0.0935129   -0.0915729    0.0298917    0.0291146    0.0780781    0.0441924   -0.0130593    -0.052924    0.0780017    0.0777198   -0.0312543     0.042913    0.0181954    0.0385531   0.00626509  -0.00442526   -0.0126186   -0.0656248    0.0808814  -0.00281928    0.0613247    0.0938443    0.0343361   -0.0534539    0.0655572   0.00575417    0.0889112    0.0594923   -0.0803118   0.00991594   -0.0586823   -0.0491438   0.00395546   -0.0416422    0.0269128   -0.0844094   -0.0126492 -0.000833524   -0.0145057    0.0860795     0.049697    0.0620307    0.0291931    0.0594244    0.0857135  -0.00619355     0.050745   -0.0764285   -0.0370642   -0.0150132    0.0525284    0.0595295   -0.0732521   -0.0714429   -0.0228459    0.0620636    0.0169992   -0.0707469   -0.0704079    0.0167252  -0.00996144   -0.0794702    0.0726811   -0.0652488   -0.0776962   -0.0570958  0.000520473   -0.0329989     0.023191    0.0842361    -0.038786   -0.0260656   -0.0648327   0.00870859   -0.0907711    0.0561943    0.0569004    0.0933157    0.0196158    0.0893482
  -0.0517665   -0.0363458   -0.0411074    0.0755771    0.0841714    0.0806187     0.029088   0.00492886    0.0347797    0.0939625   -0.0940472    0.0598736   0.00429769   -0.0279197   -0.0697097    0.0666657   -0.0466665    0.0812265   -0.0649025     0.023363    0.0679031    0.0679268    0.0348706   -0.0756489    0.0875978    0.0427947    0.0552491   -0.0655033   -0.0240162    -0.058168   -0.0794133   -0.0300808  0.000401941  -0.00145375    0.0575908   -0.0298439   -0.0468471   -0.0796574    -0.084085    0.0525402    0.0351571     0.085604   -0.0719482     0.039206   -0.0134142    0.0438885    0.0555044     -0.01153    0.0662783    0.0843892   -0.0267213   -0.0688162     0.034124   -0.0327204    0.0172919   -0.0644089   -0.0416278    0.0366016   -0.0361749    0.0261203   0.00315258    0.0422574   -0.0855555  -0.00472246   -0.0108604    0.0240547   -0.0483103   -0.0178165    0.0869249   -0.0485121 -0.000959309    0.0712972    0.0353633   -0.0882438     0.032107     0.046679   -0.0182029    0.0208952    0.0530579   -0.0589614   -0.0548744   -0.0693721   -0.0759249     0.043075   -0.0861101    0.0340182    0.0324589   -0.0938189   -0.0541228   -0.0179898   0.00268213     0.028269  -0.00464565    0.0327286   -0.0505625    0.0292174   -0.0191654    0.0873878    0.0231352   -0.0429402  -0.00342143    0.0673506    0.0119408    0.0196564  0.000524708     0.055458   -0.0661162   -0.0208411    0.0744503    0.0853621    0.0419389  -0.00162394    0.0143157  -0.00586048    0.0937257  -0.00332521   -0.0366891  -0.00722721   -0.0196782    0.0112379   -0.0872462   -0.0139363     0.061114    0.0928254   -0.0928136    0.0602751    -0.075961   -0.0677533   -0.0260507    0.0260778    0.0908931   -0.0298492    0.0260915    0.0871352    0.0309826   -0.0535707   -0.0285486 -0.000145518    0.0193039  -0.00251079   -0.0057707    0.0556551  -0.00850308    0.0527848    0.0523462    -0.053857    0.0408153    0.0740331   -0.0749728   -0.0387059  -0.00563064   -0.0752595    -0.072677   -0.0740658   -0.0563902   -0.0824794    0.0705297    -0.048997  -0.00775085    0.0837538    0.0146313    0.0118426   -0.0634187    0.0758428    0.0400931   0.00705068   -0.0422388    0.0317246    -0.059017    0.0848145      0.04268    -0.012301    0.0324707    0.0226364   -0.0322227    0.0818543    0.0315585   -0.0768559   -0.0532279   -0.0401825    0.0319233    0.0878293   -0.0485762    0.0408583    0.0357947   -0.0622561    -0.071919   -0.0641136   -0.0457169   -0.0781813    0.0036565   -0.0228743    0.0795654  -0.00128961   -0.0851019   -0.0791514     0.085538   -0.0426531    0.0126867    0.0556686   -0.0859305    0.0443157    0.0604581      0.05601    0.0248862    0.0676945    0.0566826   -0.0366395    0.0269724   -0.0404949   -0.0685971   -0.0874429    0.0684357    0.0925111    0.0559375   -0.0846823   -0.0686252    0.0200431    0.0698093   -0.0536435    0.0252091     0.014288   -0.0533156   -0.0532929    0.0473103
   0.0734873    0.0467482    0.0430168     0.034651   -0.0692551    -0.020352    0.0816331    0.0675034    0.0122187   -0.0647704   -0.0238033    -0.022632    0.0253857    0.0538604   -0.0352395   -0.0828527   -0.0252465   -0.0254502   -0.0157331   -0.0183451   0.00961189    0.0751956    0.0751037    0.0156991   -0.0763636    0.0855557   -0.0628504    0.0675182     0.032198  -0.00841768    0.0396901    0.0101937   -0.0770011    0.0214648    0.0595091   0.00707745    0.0183457   -0.0553236   -0.0504638   0.00176487  -0.00929058   -0.0353327    0.0378097    0.0774203     0.080939   -0.0748844    0.0284043   -0.0802945   -0.0639883  -0.00190973  -0.00756936    0.0813796     0.089562    0.0851935  0.000180094  0.000462863    0.0365971    0.0940071    0.0401934    0.0729078    0.0471968    0.0175537   -0.0890765     0.022003    0.0763982   -0.0517607    0.0682805   0.00583873     0.035391    0.0283708  -0.00377629   -0.0698657    0.0703623    -0.064594   -0.0581279   -0.0441975   -0.0402133   -0.0264827     0.079463   -0.0817416   -0.0924679   -0.0291446    0.0314257    0.0775337    0.0920898    0.0430488    0.0252507    -0.072015    -0.061194    0.0740423    0.0383016  -0.00850044   -0.0133514    0.0873956    -0.046237    0.0886471    0.0585491   -0.0128428    0.0123726    0.0583134    0.0644467   -0.0369457   -0.0208134    0.0356011   0.00757151   0.00461783    0.0692617   -0.0603199   -0.0212962   -0.0149208   -0.0671959   -0.0671697    0.0410599   -0.0616668   -0.0566301   -0.0866612    0.0275892  -0.00903483   0.00432538    0.0426186   -0.0208703     0.087687  -0.00103231   -0.0942245 -0.000243074     0.054389   -0.0739145   -0.0495434   -0.0202359   -0.0390066    0.0234004   -0.0657506    0.0305477    0.0813486   -0.0476899    0.0250886   -0.0392571  -0.00144132   -0.0804768   -0.0199769    0.0673378   -0.0942227   -0.0324946    0.0288059    0.0617753    0.0730284   -0.0566634    0.0682734   -0.0179306    0.0912673   -0.0615806   -0.0279836   -0.0431437    0.0764131   -0.0836635    0.0264688   -0.0425479   -0.0219236     0.075634   -0.0256857    0.0709104    0.0546007   -0.0441818    0.0674319   -0.0755014    0.0686081     0.056447  -0.00559174    0.0458028   -0.0578844    0.0764809    0.0598139     0.066005    0.0841131    -0.045416    0.0675777    0.0277005   -0.0668164    0.0487164    0.0864998   -0.0410748   -0.0868847    0.0214002   0.00110878  -0.00218513  -0.00637367    0.0804754   -0.0786772   -0.0756801   -0.0380178   -0.0521989    0.0807785    0.0392898    0.0196799    0.0666061    0.0658218    -0.019575    0.0928967    0.0729636   -0.0632773    0.0184341    -0.084222   -0.0351477    0.0566288   -0.0114171    0.0201524   -0.0225729   -0.0329481    0.0224835    0.0185304  0.000465291   -0.0471471   -0.0413945   -0.0849667   -0.0609774    0.0750558    0.0157478    0.0491224    -0.088678    0.0149588    0.0245372  -0.00344036   0.00360306    0.0240329    0.0359879
   0.0192039    0.0495251  -0.00408934   -0.0407153   -0.0247361     0.054915  -0.00393003   -0.0496065   -0.0373161   -0.0138455    0.0206636   -0.0666981     0.051401   -0.0159474    0.0337267    0.0878574  0.000226989    0.0078308   -0.0829052 -5.62784e-05   -0.0161277   -0.0872026   -0.0914288   -0.0670179    0.0940204   -0.0610103    0.0274387    0.0261757    0.0370378   -0.0710535    -0.024947   -0.0516789    0.0784047   -0.0049265   -0.0319217    0.0792211   -0.0273186   -0.0608162   -0.0037676    0.0548844    0.0837545   -0.0898847   -0.0692485  -0.00124764    0.0446977   -0.0463559    0.0686766    0.0849318   -0.0842588   -0.0148798   -0.0432617   -0.0051879   -0.0455436    0.0601624    0.0416827   -0.0524615   -0.0460457   -0.0136093    0.0421443    0.0300838    0.0287369   -0.0696133   0.00614975    0.0575826    0.0310822   -0.0219349   -0.0325715    -0.045568    0.0270367    0.0646549    -0.057503    0.0553194   -0.0612971    0.0153608   -0.0543422   -0.0352341    0.0298028   -0.0270514  -0.00137624   -0.0268416    0.0797498   -0.0733034   -0.0818315    -0.039212    0.0488821   -0.0201761    0.0554697   -0.0905983   -0.0151506   -0.0316911   -0.0111798   0.00147121  -0.00500975     0.089876   -0.0279532  -0.00680821   -0.0224597    0.0690241    0.0800092   -0.0722838   -0.0554718   -0.0635906    0.0822279    0.0820413   -0.0434502   -0.0301758   -0.0045102   -0.0573877   -0.0452624    -0.087087    -0.057506   -0.0639175    0.0233581    0.0373081   -0.0503644    0.0622454   -0.0821142   -0.0153899    -0.032438    0.0532148    0.0880403  -0.00296081    0.0448081   -0.0543879    0.0791712    0.0369686   -0.0235167   -0.0183304   -0.0739259   -0.0532124   -0.0615492   -0.0303133    0.0874696   -0.0262468   -0.0332664   -0.0755292    0.0883902    0.0138506    0.0652287    0.0703462    0.0779698   -0.0790748   -0.0239513    -0.030893  0.000789275    0.0625432    0.0757364    0.0675091   0.00310716   -0.0341333    0.0411788    0.0196411    0.0133733   -0.0594229     0.059852   -0.0206369   -0.0248992    0.0699284   -0.0776513   -0.0123819      0.06417   -0.0359892    0.0832567   -0.0575813   -0.0296683    0.0801041    0.0681714  -0.00349774    0.0352353    0.0170791    0.0421507    0.0711112    0.0250253    0.0799741 -0.000251875  -0.00981732    -0.075847    -0.062625   -0.0141777   -0.0186517   -0.0921906    0.0405569    0.0065627   -0.0873864  -0.00709262    -0.046769   -0.0386239    0.0153876    0.0750281   -0.0842476    0.0500696    0.0928271   -0.0899309   -0.0920552   -0.0896142    0.0248536    0.0310703    0.0014538   -0.0728271   -0.0441631    0.0930672   -0.0588476    -0.060688   -0.0112747   -0.0209268    0.0729024    0.0349631   -0.0441727    -0.003916    0.0390682    0.0557155   -0.0932951    0.0141349    0.0760774    0.0935503  -0.00548241   -0.0452907    0.0451959   -0.0364499   -0.0851683   -0.0231278   -0.0128433  -0.00440555    -0.071062    0.0191002
   0.0438387    0.0771391   -0.0858633   -0.0227932   -0.0508248   -0.0383982   -0.0102779   -0.0932821     0.079454   -0.0376344   -0.0136117   -0.0137437    0.0318805   -0.0707996   0.00862386   0.00611152     -0.05309   -0.0128274    0.0372092    0.0347388   -0.0264341   -0.0424818    0.0419489   -0.0727969   -0.0737011    0.0425342    0.0885197    0.0562163   -0.0921214    0.0731507   -0.0561859    0.0392531    0.0430039   -0.0173299   -0.0416167    0.0325153   -0.0619069   -0.0126952   -0.0506203   -0.0455083  -0.00423937    0.0750775   -0.0675519    0.0642384     0.079619  -0.00569467   -0.0851325   -0.0371342    0.0569292   -0.0941504    0.0526799   -0.0177971   -0.0653448    0.0160169   -0.0168266    0.0715548  0.000191598    0.0848368    0.0444967   -0.0260163   -0.0610446   -0.0232866   -0.0608879   -0.0928536   -0.0475587    -0.039144    0.0240358    0.0438929    -0.052924    0.0728056   -0.0305853   -0.0804867  -0.00359827   -0.0552599   -0.0468131    0.0866177    0.0408439   -0.0435829   -0.0682744    0.0339433    0.0125649   -0.0839032   -0.0549474    0.0555245   -0.0310412   -0.0113805   -0.0819981    0.0559317   -0.0504403    0.0611405    0.0652719   -0.0771916    0.0911065   -0.0665621   -0.0549674   -0.0930167    0.0683073   -0.0293528  -0.00212161   -0.0572119    0.0185757   -0.0824021    0.0426311   0.00760344   -0.0117149   -0.0822731  -0.00201103    0.0689296   -0.0772183   -0.0541812    0.0491329     0.035151    0.0446791   -0.0767833    0.0367528    0.0405913   -0.0687246   0.00493946    0.0592127    0.0730807    0.0602495   -0.0201769   -0.0361277    0.0433526   -0.0529207    0.0451654    0.0552885   0.00301098    0.0498998    0.0464329   -0.0566002   0.00288257    0.0900591    0.0803239   -0.0895451   0.00744377  -0.00979695  -0.00603626   -0.0611264    -0.031563   -0.0297055     0.039344   0.00670304   -0.0654474   -0.0728277    0.0412132    0.0090776    0.0554887    0.0868172    0.0586822    0.0545169    0.0602002     0.041245    0.0335885   -0.0215322    0.0716535   -0.0443881    0.0203848   -0.0321034   -0.0881784   -0.0920314   -0.0182683  -0.00512691    0.0648186    0.0767927    0.0716633   -0.0564155   0.00561506    0.0317661    0.0257688   -0.0345219   -0.0644313   0.00930105   -0.0466192   -0.0465295   -0.0126784   -0.0725397   -0.0584219    -0.021572    0.0399207   -0.0810093    0.0899196    0.0862617   -0.0468599    0.0426892    0.0249321   -0.0244071  -0.00845661    0.0639517    0.0911277    0.0136898   -0.0670857    0.0781116   0.00306038   -0.0828762   -0.0744847    0.0161107    0.0826982   -0.0801404    0.0771224   -0.0358128     0.043102   -0.0926704    0.0896029   -0.0806694   -0.0475133    0.0353041    0.0926045    0.0770806      0.04987     0.064752    0.0625535    0.0694215     0.012365    0.0377341   -0.0854129    0.0201733    0.0690333    0.0207244   0.00418742    0.0343218    0.0854411     0.028122    0.0365825    0.0705291
  -0.0467767  -0.00369395     0.025875    0.0430686    0.0022326    0.0231041   -0.0510461   -0.0370554    0.0132176   -0.0795973    0.0328431    0.0580371   -0.0826388  -0.00853999   -0.0117582     0.020052     0.075146    0.0157407    0.0657203   -0.0754168   -0.0499303   -0.0455193    -0.061659   -0.0366329   -0.0548795   -0.0824262    0.0739646     0.061757  -0.00586656  -0.00625822    0.0185599    0.0482887    0.0565329   -0.0298121   -0.0521017    0.0597417   -0.0434199   -0.0229496    0.0311219    0.0454254     0.039482    0.0547088    0.0186063   -0.0844125    0.0508965   -0.0895463   -0.0715713    -0.071146  -0.00684157   -0.0392614   -0.0074389    0.0397785    -0.022516   -0.0744322   -0.0780839    0.0779172     0.013871 -8.22043e-05    0.0307494    0.0231236   -0.0731003      0.05079   -0.0180822     0.055396    0.0778255  -0.00503847   -0.0651444   -0.0644064   -0.0149971    0.0697276   -0.0252516  -0.00617013    0.0841565    0.0260886    -0.019107   0.00327034   -0.0478764   -0.0799196   -0.0584007   -0.0557351    0.0357563    0.0777013    0.0418033   -0.0716946    0.0533333   -0.0822733   -0.0804108   -0.0597322    0.0890187   -0.0706789   0.00516128   -0.0375094    0.0037379    0.0842212   -0.0185181   -0.0606012    0.0598133   -0.0388164    0.0773007   -0.0380892   -0.0870461    0.0759109  -0.00893462   -0.0160487    -0.079106    0.0871839    0.0812695    0.0319499   -0.0466475   0.00214174   -0.0270963    0.0762441   -0.0180701    0.0772932   -0.0391324    0.0443726   -0.0261004    0.0165215   -0.0850161   0.00755044   -0.0420704    0.0536556    0.0730717   -0.0360713   -0.0511713   -0.0928126    0.0655318   -0.0885358     0.077056   -0.0833877   -0.0244476   -0.0280699   -0.0608506    0.0771268   -0.0616469    0.0298244    0.0624676    0.0830426   0.00776787    0.0131776    -0.058506   -0.0296473   -0.0874314    -0.058772    0.0906088   -0.0940802    0.0788307   -0.0169299   -0.0567228    0.0838036    0.0913825   -0.0677476   -0.0772244    0.0233772    0.0442059   -0.0893443   -0.0651754    0.0279692    0.0017378    0.0364919    0.0770129    0.0568501    0.0318308   -0.0319759    0.0835981    0.0511199    0.0338294    0.0322736   -0.0428631    0.0681626   0.00796885   -0.0689889   -0.0927071 -0.000866759   0.00224577   -0.0732328   -0.0792589   -0.0450752    0.0845754   -0.0293531    0.0931269   -0.0736131    0.0170389  -0.00691047    0.0452359   -0.0579654    0.0111267   -0.0088034    0.0101441    -0.068347   -0.0553521  0.000187449    0.0664851   0.00351055   -0.0246144    0.0772264  0.000221201    0.0147264    0.0613809   -0.0491368   0.00127562   -0.0257539   -0.0863265    0.0582393   -0.0160951    0.0337639    0.0241947   -0.0919249    0.0208071    0.0013301   -0.0439456    -0.076676   -0.0731219    0.0787357    0.0456686     0.018509    0.0246157   -0.0249852    0.0746361   -0.0585977   -0.0655563   -0.0633995  -0.00523674    -0.042126   -0.0217105
  0.00376291   -0.0915326    0.0864976    0.0794406   -0.0759484   -0.0371333   -0.0751068  -0.00637168    0.0199094     0.093653    0.0353472     0.060426    0.0151572  -0.00430531   -0.0690942   -0.0181817   -0.0740019   -0.0113042    0.0271165   -0.0286168   0.00273641    -0.042852   -0.0426672   -0.0343961   -0.0368934   -0.0216089    0.0392933    0.0058594   0.00451393    0.0173609    0.0630757    0.0611619    0.0324125   -0.0426745    0.0325471   -0.0671615   -0.0618578  -0.00995514    0.0675637  -0.00827456     0.034899    0.0438783    0.0797412   -0.0769222    0.0545661   -0.0897403    0.0734113   -0.0809204   -0.0611239    0.0725596    0.0117578    0.0816541    0.0885159   -0.0566345    0.0615314   -0.0362644   -0.0624095   -0.0940192   -0.0522188   -0.0334478   -0.0424204   -0.0484327   -0.0373411   -0.0547805  -0.00780268   -0.0383903    0.0566709   -0.0164315    0.0569112   -0.0446231   -0.0820562   -0.0642132    0.0268137   0.00523637    0.0660273    0.0399399   -0.0612078     0.019353     0.012985   0.00903859   -0.0702662    0.0567338    0.0901507   -0.0916896    0.0714684   -0.0611237    0.0674773   -0.0767282    0.0193981   -0.0369534    0.0124222   -0.0876484    0.0517617 -0.000667045   -0.0380129    0.0689546      0.01122    0.0345565   -0.0530881    -0.089264  0.000719964   -0.0563558     0.063858   -0.0211742     0.034782   -0.0150008   -0.0116072   -0.0703992    0.0809684   -0.0394536    0.0389166   0.00326715    0.0053213   -0.0750429   -0.0673521   -0.0711679    0.0565393    0.0527906    0.0783643    0.0624797   0.00130983    0.0492497   0.00418283   -0.0755972    -0.051181    0.0800782   -0.0220483   -0.0470794   -0.0681808   -0.0704374    -0.050656      0.03952   -0.0348813   0.00718349   -0.0504205   -0.0428952    0.0239337   -0.0179627    0.0539904   -0.0161669  -0.00313349   -0.0432999    0.0406823   -0.0240435    0.0362982    0.0588711    0.0759371    0.0520589    0.0804582   0.00342478    0.0307015    0.0167427    0.0399066   -0.0423664   -0.0110517   -0.0707119   -0.0199626   -0.0895279    0.0445988    0.0836369   0.00638094   -0.0532572    0.0458259    0.0685304    0.0326367    0.0694213    0.0250104   -0.0639492    -0.026772    0.0684969    0.0160324   -0.0152008    0.0503173    0.0815479    0.0931623    0.0867093   -0.0547988   -0.0476029     0.035028   -0.0283573   -0.0272627    0.0394029    0.0272305    0.0239334    0.0802778    0.0927478  -0.00230837   -0.0677666   -0.0280562    0.0201775    0.0760034   -0.0568059   0.00453744    0.0687107   0.00817724   -0.0940417    0.0140159   -0.0926059    0.0361802   -0.0770632   -0.0503505    0.0367089   0.00783897   -0.0033203   -0.0569684   -0.0374736   -0.0255539    0.0743029  -0.00156004   -0.0344056   -0.0372353   -0.0429599    0.0317397   -0.0913254    0.0780052   -0.0540947    0.0674992   -0.0244692    0.0328457    0.0837488    0.0125554    0.0158813    0.0264758    0.0179821    0.0712551
   -0.014979   -0.0133789   -0.0831149   -0.0305765   -0.0656651   -0.0200657    0.0468697    -0.074108   -0.0211986    0.0765559   -0.0142397   -0.0726773  -0.00197438    0.0386384   -0.0899624    0.0312982    0.0230092    0.0074516   -0.0683759   -0.0324257      0.03923    0.0545356    0.0933778   -0.0211832   -0.0138162   -0.0886402   -0.0273701   0.00122874   0.00801886   -0.0166163    0.0554559   0.00804786   0.00988492   -0.0791983   0.00998972   -0.0292185   -0.0347875    0.0197279    0.0337054   -0.0722255     0.081767    0.0156956    0.0706072    0.0496987   -0.0915841   -0.0454094   -0.0805919   -0.0580039    0.0702898   -0.0609934    0.0309586    0.0882416   -0.0779716    0.0102519    0.0208198    0.0388052    0.0582081   -0.0718535    0.0447584    0.0160459 -0.000211454    0.0285739   -0.0150397   -0.0359139  -0.00805828    0.0473342    0.0799264   0.00628287    0.0249254    0.0354359    0.0190725    -0.068262    0.0264695    0.0658347    0.0527042    0.0583642   -0.0134971   -0.0105097    0.0453595   -0.0473526   -0.0726774   -0.0598885   -0.0924946    0.0513943   -0.0284499    -0.034193   -0.0488409    0.0291281   -0.0328876   -0.0137423   -0.0659624    0.0295115   -0.0908229    0.0794805    0.0386464   -0.0367487     0.042981    0.0761481    -0.061846   -0.0160191    0.0235926    0.0125987    0.0805562   -0.0228195    0.0613918    0.0467899    0.0772691   -0.0369586   -0.0533366   -0.0674937   -0.0846017   -0.0202133   -0.0463347    0.0228189    0.0559908    0.0675201   -0.0456117   -0.0328022    0.0177224    0.0571642    0.0284482    0.0754138   -0.0811589   -0.0467454    -0.034237    0.0882654    0.0410858    0.0752436   -0.0914605     0.072533   -0.0327567    0.0465075    0.0352982   -0.0488383    0.0119193    0.0513042    0.0415887   -0.0763835    0.0151918   -0.0718534    0.0484086   -0.0580704     0.057684    0.0695158  -0.00259034   -0.0167695   -0.0263322    0.0371449    0.0445952    0.0448594   -0.0363392  -0.00337919   -0.0362933   -0.0207858    0.0303823   -0.0336791   -0.0208192   -0.0938588   -0.0273504    0.0507013    0.0858863    0.0823935    0.0358968    0.0163636    0.0510423    0.0100191   -0.0812751   -0.0636555    0.0620978    0.0932777   -0.0603059    0.0458821    0.0883811   -0.0905827   -0.0592626   -0.0137971   -0.0801112   -0.0189399     0.025106   -0.0193321   -0.0150857    -0.031624    0.0313837    0.0746515   -0.0276583    0.0109291   -0.0259402    0.0835159     0.090466   -0.0312094   -0.0604136   -0.0853632   -0.0729752   -0.0866831    0.0801154    0.0279734    0.0163499   0.00243313   -0.0784654    0.0190218    -0.018595    0.0870324    0.0383194   0.00316095    0.0102913   -0.0102008    0.0921114   -0.0272303    0.0571026    -0.045971   -0.0639345   -0.0689627   -0.0678193   -0.0501761    0.0406896    0.0868732    0.0603595    0.0422515     0.090536   -0.0572477    0.0237896   0.00371561   -0.0502777   -0.0312226  -0.00576965

    0.113236     0.154383     0.172765    -0.161951    -0.182892     0.167337    0.0640336   -0.0281633     0.117055    -0.247852   -0.0403324    0.0893399    0.0186583    -0.150888    -0.198132   -0.0940666     0.108953     0.012979    -0.159237   0.00605559    0.0435145    -0.242231     0.162694     0.160163    0.0960071     0.237369      0.21502   -0.0897014    -0.208188   -0.0653494
  -0.0579176    -0.206853    -0.210668   0.00373485     0.147221    -0.197095      0.18398    -0.246719     0.163729    -0.228036    -0.209354   -0.0255757    -0.198314    0.0576363    -0.178342    0.0909404    -0.252693     0.150107   -0.0116612    -0.147405     0.186124     0.149551    -0.166589     0.092048   -0.0495827    -0.129524    -0.252962    0.0603871   -0.0845723   -0.0767801
   -0.228919   -0.0165599     0.109598    0.0905884   -0.0976741    -0.201411    -0.137074      0.16018    -0.169759   -0.0951571   -0.0624568   -0.0258831   -0.0335245    -0.252693     0.142617    0.0419893   -0.0789243    -0.144853    -0.164894    0.0197989   0.00763932    0.0821902    0.0714542    0.0955241    0.0434754    -0.218099     0.229713    -0.141942     0.124208 -0.000737467
  -0.0082399     0.161344     0.159256    -0.132672    0.0587473    0.0187356    -0.103577     0.132362     0.173843    -0.126728    -0.138351      0.17778       0.1817    0.0448546     0.034184     0.130608     0.114459    -0.102603     0.140951      0.18533     0.156861    -0.148926   -0.0757065   -0.0903966   -0.0800017    0.0506242    0.0523451     0.211973    -0.168088   -0.0938348
   -0.225089     0.104309     0.177095     0.253694    0.0503656     0.220361    -0.206891    0.0702267   -0.0757346   -0.0734137     0.181206    -0.109931    -0.066843     0.177484     0.257637    0.0144416     0.050361   -0.0739077    -0.139252     0.225253    -0.174678    0.0323035    -0.239458   -0.0092903    0.0596897     0.052968   -0.0851596     0.238584     0.224251     0.233764
    0.202221   -0.0211762   -0.0500441     0.123699    -0.251564     0.233883    -0.141579    -0.047653    -0.207597   -0.0438489    -0.250429     0.156581     0.151261     0.186712    -0.225513     0.233345    -0.159639    -0.145415     0.107746    -0.188039     0.191931     0.201137    0.0385079     0.179045     -0.18242    -0.199358   -0.0377757     0.175947   -0.0810225     0.172302
   0.0822566     0.251878   -0.0466342     -0.18865    -0.220628      0.22689    -0.238077     0.138997     0.149528   -0.0101083    0.0721949     0.228382    -0.120348    0.0526245   -0.0674337    0.0236696    0.0429718   -0.0699178     0.116098    -0.232508    -0.246753     0.217019  -0.00554669    -0.156665    -0.137064    -0.169067   -0.0268086    -0.228646    -0.109247     0.126588
   -0.130861    -0.118296     0.112048    0.0777516    0.0440452   -0.0844724    -0.137342     0.107798    -0.107043    -0.053292    0.0620042    -0.218602     0.181248  -0.00851984      0.22782     0.152293    -0.155213     0.116858     0.142616    0.0100255    0.0136033    -0.109798    -0.213767   0.00215572    0.0185097    -0.210778    0.0163744    -0.156678    -0.203015   -0.0512436
   -0.218569     0.229885     0.148698     0.251037    -0.111661    0.0877327     0.194371     0.254591   -0.0338705    0.0770082     0.115568    -0.208661     -0.16023  -0.00948281    -0.185917     0.156394      0.09004    -0.175794    0.0018404   -0.0850536    0.0505892    0.0855541    -0.209665   -0.0655504    -0.034019    -0.154926     0.222579   -0.0637423   -0.0336012   -0.0695227
 -0.00244428    -0.134907    -0.109693     -0.14902    -0.248941      0.11739    -0.245239    -0.230863   -0.0209383   -0.0739362     0.068587   -0.0636876     0.214859   -0.0900065   -0.0178955     0.121638     -0.22471   0.00236434    0.0142925     0.115731    -0.164348   -0.0393397     0.167599     0.152123     0.206689    -0.120533      0.16584  -0.00446614  -0.00597443    0.0909684

0 0 0 0 0 0 0 0 0 0 0 0 0 0 0
0 0 0 0 0 0 0 0 0 0 0 0 0 0 0
0 0 0 0 0 0 0 0 0 0 0 0 0 0 0
0 0 0 0 0 0 0 0 0 0 0 0 0 0 0
0 0 0 0 0 0 0 0 0 0 0 0 0 0 0
0 0 0 0 0 0 0 0 0 0 0 0 0 0 0
0 0 0 0 0 0 0 0 0 0 0 0 0 0 0
0 0 0 0 0 0 0 0 0 0 0 0 0 0 0
0 0 0 0 0 0 0 0 0 0 0 0 0 0 0
0 0 0 0 0 0 0 0 0 0 0 0 0 0 0
0 0 0 0 0 0 0 0 0 0 0 0 0 0 0
0 0 0 0 0 0 0 0 0 0 0 0 0 0 0
0 0 0 0 0 0 0 0 0 0 0 0 0 0 0
0 0 0 0 0 0 0 0 0 0 0 0 0 0 0
0 0 0 0 0 0 0 0 0 0 0 0 0 0 0

0 0 0 0 0 0 0 0 0 0 0 0 0 0 0 0 0 0 0 0 0 0 0 0 0 0 0 0 0 0

0 0 0 0 0 0 0 0 0 0


