2
dense 784 784 leakyrelu
convolutional 28 28 leakyrelu

-0.325556 -0.150922  0.235301
0.0245041 -0.151663 0.0187607
 -0.59343 -0.287985 -0.352489

        0         0         0         0         0         0         0         0         0         0         0         0         0         0         0         0         0         0         0         0         0         0         0         0         0         0         0         0
        0         0         0         0         0         0         0         0         0         0         0         0         0         0         0         0         0         0         0         0         0         0         0         0         0         0         0         0
        0         0         0         0         0         0         0         0         0         0         0         0         0         0         0         0         0         0         0         0         0         0         0         0         0         0         0         0
        0         0         0         0         0         0         0         0         0         0         0         0         0         0         0         0         0         0         0         0         0         0         0         0         0         0         0         0
        0         0         0         0         0         0         0         0         0         0         0         0 -0.158275 -0.158275 -0.158275 -0.158275 -0.158275 -0.158275 -0.158275         0         0         0         0         0         0         0         0         0
        0         0         0         0         0         0         0         0         0         0         0         0 -0.158275 -0.158275 -0.158275 -0.158275 -0.158275 -0.158275 -0.158275 -0.158275 -0.158275         0         0         0         0         0         0         0
        0         0         0         0         0         0         0         0         0         0         0 -0.158275 -0.158275 -0.158275 -0.158275 -0.158275 -0.158275 -0.158275 -0.158275 -0.158275 -0.158275 -0.158275         0         0         0         0         0         0
        0         0         0         0         0         0         0         0         0         0         0         0 -0.158275 -0.158275 -0.158275 -0.158275 -0.158275 -0.158275 -0.158275 -0.158275 -0.158275 -0.158275         0         0         0         0         0         0
        0         0         0         0         0         0         0         0         0         0         0         0         0         0         0         0         0         0         0 -0.158275 -0.158275 -0.158275         0         0         0         0         0         0
        0         0         0         0         0         0         0         0         0         0         0         0         0         0         0         0         0         0 -0.158275 -0.158275 -0.158275 -0.158275         0         0         0         0         0         0
        0         0         0         0         0         0         0         0         0         0         0         0         0         0         0         0         0 -0.158275 -0.158275 -0.158275 -0.158275 -0.158275         0         0         0         0         0         0
        0         0         0         0         0         0         0         0         0         0         0         0         0         0         0 -0.158275 -0.158275 -0.158275 -0.158275 -0.158275 -0.158275 -0.158275         0         0         0         0         0         0
        0         0         0         0         0         0         0         0         0         0         0 -0.158275 -0.158275 -0.158275 -0.158275 -0.158275 -0.158275 -0.158275 -0.158275 -0.158275         0         0         0         0         0         0         0         0
        0         0         0         0         0         0         0         0         0         0 -0.158275 -0.158275 -0.158275 -0.158275 -0.158275 -0.158275 -0.158275 -0.158275 -0.158275         0         0         0         0         0         0         0         0         0
        0         0         0         0         0         0         0         0         0         0         0 -0.158275 -0.158275 -0.158275 -0.158275 -0.158275 -0.158275 -0.158275         0         0         0         0         0         0         0         0         0         0
        0         0         0         0         0         0         0         0         0         0         0         0         0         0         0 -0.158275 -0.158275 -0.158275 -0.158275         0         0         0         0         0         0         0         0         0
        0         0         0         0         0         0         0         0         0         0         0         0         0         0         0         0 -0.158275 -0.158275 -0.158275         0         0         0         0         0         0         0         0         0
        0         0         0         0         0         0         0         0         0         0         0         0         0         0         0         0 -0.158275 -0.158275 -0.158275         0         0         0         0         0         0         0         0         0
        0         0         0         0         0 -0.158275 -0.158275 -0.158275         0         0         0         0         0         0         0         0 -0.158275 -0.158275 -0.158275         0         0         0         0         0         0         0         0         0
        0         0         0         0 -0.158275 -0.158275 -0.158275 -0.158275         0         0         0         0         0         0         0         0 -0.158275 -0.158275 -0.158275         0         0         0         0         0         0         0         0         0
        0         0         0         0 -0.158275 -0.158275 -0.158275 -0.158275 -0.158275         0         0         0         0         0         0 -0.158275 -0.158275 -0.158275         0         0         0         0         0         0         0         0         0         0
        0         0         0         0 -0.158275 -0.158275 -0.158275 -0.158275 -0.158275 -0.158275 -0.158275 -0.158275 -0.158275 -0.158275 -0.158275 -0.158275 -0.158275 -0.158275         0         0         0         0         0         0         0         0         0         0
        0         0         0         0 -0.158275 -0.158275 -0.158275 -0.158275 -0.158275 -0.158275 -0.158275 -0.158275 -0.158275 -0.158275 -0.158275 -0.158275 -0.158275 -0.158275         0         0         0         0         0         0         0         0         0         0
        0         0         0         0         0         0 -0.158274 -0.158275 -0.158275 -0.158275 -0.158275 -0.158275 -0.158275 -0.158275 -0.158275 -0.158275 -0.158275         0         0         0         0         0         0         0         0         0         0         0
        0         0         0         0         0         0         0         0         0         0         0         0         0         0         0         0         0         0         0         0         0         0         0         0         0         0         0         0
        0         0         0         0         0         0         0         0         0         0         0         0         0         0         0         0         0         0         0         0         0         0         0         0         0         0         0         0
        0         0         0         0         0         0         0         0         0         0         0         0         0         0         0         0         0         0         0         0         0         0         0         0         0         0         0         0
        0         0         0         0         0         0         0         0         0         0         0         0         0         0         0         0         0         0         0         0         0         0         0         0         0         0         0         0


