2
dense 784 784 leakyrelu
convolutional 28 28 leakyrelu

-0.325855 -0.151222     0.235
0.0242041 -0.151963 0.0184606
-0.593728 -0.288284 -0.352788

        0         0         0         0         0         0         0         0         0         0         0         0         0         0         0         0         0         0         0         0         0         0         0         0         0         0         0         0
        0         0         0         0         0         0         0         0         0         0         0         0         0         0         0         0         0         0         0         0         0         0         0         0         0         0         0         0
        0         0         0         0         0         0         0         0         0         0         0         0         0         0         0         0         0         0         0         0         0         0         0         0         0         0         0         0
        0         0         0         0         0         0         0         0         0         0         0         0         0         0         0         0         0         0         0         0         0         0         0         0         0         0         0         0
        0         0         0         0         0         0         0         0         0         0         0         0 -0.158574 -0.158574 -0.158574 -0.158574 -0.158574 -0.158574 -0.158574         0         0         0         0         0         0         0         0         0
        0         0         0         0         0         0         0         0         0         0         0         0 -0.158574 -0.158574 -0.158574 -0.158574 -0.158574 -0.158574 -0.158574 -0.158574 -0.158574         0         0         0         0         0         0         0
        0         0         0         0         0         0         0         0         0         0         0 -0.158574 -0.158574 -0.158574 -0.158574 -0.158574 -0.158574 -0.158574 -0.158574 -0.158574 -0.158574 -0.158574         0         0         0         0         0         0
        0         0         0         0         0         0         0         0         0         0         0         0 -0.158574 -0.158574 -0.158574 -0.158574 -0.158574 -0.158574 -0.158574 -0.158574 -0.158574 -0.158574         0         0         0         0         0         0
        0         0         0         0         0         0         0         0         0         0         0         0         0         0         0         0         0         0         0 -0.158574 -0.158574 -0.158574         0         0         0         0         0         0
        0         0         0         0         0         0         0         0         0         0         0         0         0         0         0         0         0         0 -0.158574 -0.158574 -0.158574 -0.158574         0         0         0         0         0         0
        0         0         0         0         0         0         0         0         0         0         0         0         0         0         0         0         0 -0.158574 -0.158574 -0.158574 -0.158574 -0.158574         0         0         0         0         0         0
        0         0         0         0         0         0         0         0         0         0         0         0         0         0         0 -0.158574 -0.158574 -0.158574 -0.158574 -0.158574 -0.158574 -0.158574         0         0         0         0         0         0
        0         0         0         0         0         0         0         0         0         0         0 -0.158574 -0.158574 -0.158574 -0.158574 -0.158574 -0.158574 -0.158574 -0.158574 -0.158574         0         0         0         0         0         0         0         0
        0         0         0         0         0         0         0         0         0         0 -0.158574 -0.158574 -0.158574 -0.158574 -0.158574 -0.158574 -0.158574 -0.158574 -0.158574         0         0         0         0         0         0         0         0         0
        0         0         0         0         0         0         0         0         0         0         0 -0.158574 -0.158574 -0.158574 -0.158574 -0.158574 -0.158574 -0.158574         0         0         0         0         0         0         0         0         0         0
        0         0         0         0         0         0         0         0         0         0         0         0         0         0         0 -0.158574 -0.158574 -0.158574 -0.158574         0         0         0         0         0         0         0         0         0
        0         0         0         0         0         0         0         0         0         0         0         0         0         0         0         0 -0.158574 -0.158574 -0.158574         0         0         0         0         0         0         0         0         0
        0         0         0         0         0         0         0         0         0         0         0         0         0         0         0         0 -0.158574 -0.158574 -0.158574         0         0         0         0         0         0         0         0         0
        0         0         0         0         0 -0.158574 -0.158574 -0.158574         0         0         0         0         0         0         0         0 -0.158574 -0.158574 -0.158574         0         0         0         0         0         0         0         0         0
        0         0         0         0 -0.158574 -0.158574 -0.158574 -0.158574         0         0         0         0         0         0         0         0 -0.158574 -0.158574 -0.158574         0         0         0         0         0         0         0         0         0
        0         0         0         0 -0.158574 -0.158574 -0.158574 -0.158574 -0.158574         0         0         0         0         0         0 -0.158574 -0.158574 -0.158574         0         0         0         0         0         0         0         0         0         0
        0         0         0         0 -0.158574 -0.158574 -0.158574 -0.158574 -0.158574 -0.158574 -0.158574 -0.158574 -0.158574 -0.158574 -0.158574 -0.158574 -0.158574 -0.158574         0         0         0         0         0         0         0         0         0         0
        0         0         0         0 -0.158574 -0.158574 -0.158574 -0.158574 -0.158574 -0.158574 -0.158574 -0.158574 -0.158574 -0.158574 -0.158574 -0.158574 -0.158574 -0.158574         0         0         0         0         0         0         0         0         0         0
        0         0         0         0         0         0 -0.158574 -0.158574 -0.158574 -0.158574 -0.158574 -0.158574 -0.158574 -0.158574 -0.158574 -0.158574 -0.158574         0         0         0         0         0         0         0         0         0         0         0
        0         0         0         0         0         0         0         0         0         0         0         0         0         0         0         0         0         0         0         0         0         0         0         0         0         0         0         0
        0         0         0         0         0         0         0         0         0         0         0         0         0         0         0         0         0         0         0         0         0         0         0         0         0         0         0         0
        0         0         0         0         0         0         0         0         0         0         0         0         0         0         0         0         0         0         0         0         0         0         0         0         0         0         0         0
        0         0         0         0         0         0         0         0         0         0         0         0         0         0         0         0         0         0         0         0         0         0         0         0         0         0         0         0


