2
dense 784 784 leakyrelu
convolutional 28 28 leakyrelu

-0.333031  -0.15841  0.227783
0.0170026 -0.159152 0.0112595
-0.600885 -0.295463 -0.359963

        0         0         0         0         0         0         0         0         0         0         0         0         0         0         0         0         0         0         0         0         0         0         0         0         0         0         0         0
        0         0         0         0         0         0         0         0         0         0         0         0         0         0         0         0         0         0         0         0         0         0         0         0         0         0         0         0
        0         0         0         0         0         0         0         0         0         0         0         0         0         0         0         0         0         0         0         0         0         0         0         0         0         0         0         0
        0         0         0         0         0         0         0         0         0         0         0         0         0         0         0         0         0         0         0         0         0         0         0         0         0         0         0         0
        0         0         0         0         0         0         0         0         0         0         0         0 -0.165763 -0.165763 -0.165763 -0.165763 -0.165763 -0.165763 -0.165763         0         0         0         0         0         0         0         0         0
        0         0         0         0         0         0         0         0         0         0         0         0 -0.165763 -0.165763 -0.165763 -0.165763 -0.165763 -0.165763 -0.165763 -0.165763 -0.165763         0         0         0         0         0         0         0
        0         0         0         0         0         0         0         0         0         0         0 -0.165763 -0.165763 -0.165763 -0.165763 -0.165763 -0.165763 -0.165763 -0.165763 -0.165763 -0.165763 -0.165763         0         0         0         0         0         0
        0         0         0         0         0         0         0         0         0         0         0         0 -0.165763 -0.165763 -0.165763 -0.165763 -0.165763 -0.165763 -0.165763 -0.165763 -0.165763 -0.165763         0         0         0         0         0         0
        0         0         0         0         0         0         0         0         0         0         0         0         0         0         0         0         0         0         0 -0.165763 -0.165763 -0.165763         0         0         0         0         0         0
        0         0         0         0         0         0         0         0         0         0         0         0         0         0         0         0         0         0 -0.165763 -0.165763 -0.165763 -0.165763         0         0         0         0         0         0
        0         0         0         0         0         0         0         0         0         0         0         0         0         0         0         0         0 -0.165763 -0.165763 -0.165763 -0.165763 -0.165763         0         0         0         0         0         0
        0         0         0         0         0         0         0         0         0         0         0         0         0         0         0 -0.165763 -0.165763 -0.165763 -0.165763 -0.165763 -0.165763 -0.165763         0         0         0         0         0         0
        0         0         0         0         0         0         0         0         0         0         0 -0.165763 -0.165763 -0.165763 -0.165763 -0.165763 -0.165763 -0.165763 -0.165763 -0.165763         0         0         0         0         0         0         0         0
        0         0         0         0         0         0         0         0         0         0 -0.165763 -0.165763 -0.165763 -0.165763 -0.165763 -0.165763 -0.165763 -0.165763 -0.165763         0         0         0         0         0         0         0         0         0
        0         0         0         0         0         0         0         0         0         0         0 -0.165763 -0.165763 -0.165763 -0.165763 -0.165763 -0.165763 -0.165763         0         0         0         0         0         0         0         0         0         0
        0         0         0         0         0         0         0         0         0         0         0         0         0         0         0 -0.165763 -0.165763 -0.165763 -0.165763         0         0         0         0         0         0         0         0         0
        0         0         0         0         0         0         0         0         0         0         0         0         0         0         0         0 -0.165763 -0.165763 -0.165763         0         0         0         0         0         0         0         0         0
        0         0         0         0         0         0         0         0         0         0         0         0         0         0         0         0 -0.165763 -0.165763 -0.165763         0         0         0         0         0         0         0         0         0
        0         0         0         0         0 -0.165762 -0.165763 -0.165763         0         0         0         0         0         0         0         0 -0.165763 -0.165763 -0.165763         0         0         0         0         0         0         0         0         0
        0         0         0         0 -0.165763 -0.165763 -0.165763 -0.165763         0         0         0         0         0         0         0         0 -0.165763 -0.165763 -0.165763         0         0         0         0         0         0         0         0         0
        0         0         0         0 -0.165763 -0.165763 -0.165763 -0.165763 -0.165763         0         0         0         0         0         0 -0.165763 -0.165763 -0.165763         0         0         0         0         0         0         0         0         0         0
        0         0         0         0 -0.165763 -0.165763 -0.165763 -0.165763 -0.165763 -0.165763 -0.165763 -0.165763 -0.165763 -0.165763 -0.165763 -0.165763 -0.165763 -0.165763         0         0         0         0         0         0         0         0         0         0
        0         0         0         0 -0.165763 -0.165763 -0.165763 -0.165763 -0.165763 -0.165763 -0.165763 -0.165763 -0.165763 -0.165763 -0.165763 -0.165763 -0.165763 -0.165763         0         0         0         0         0         0         0         0         0         0
        0         0         0         0         0         0 -0.165762 -0.165763 -0.165763 -0.165763 -0.165763 -0.165763 -0.165763 -0.165763 -0.165763 -0.165763 -0.165763         0         0         0         0         0         0         0         0         0         0         0
        0         0         0         0         0         0         0         0         0         0         0         0         0         0         0         0         0         0         0         0         0         0         0         0         0         0         0         0
        0         0         0         0         0         0         0         0         0         0         0         0         0         0         0         0         0         0         0         0         0         0         0         0         0         0         0         0
        0         0         0         0         0         0         0         0         0         0         0         0         0         0         0         0         0         0         0         0         0         0         0         0         0         0         0         0
        0         0         0         0         0         0         0         0         0         0         0         0         0         0         0         0         0         0         0         0         0         0         0         0         0         0         0         0


