2
dense 784 784 leakyrelu
convolutional 28 28 leakyrelu

 -0.33323  -0.15861  0.227583
0.0168025 -0.159351 0.0110595
-0.601084 -0.295662 -0.360162

        0         0         0         0         0         0         0         0         0         0         0         0         0         0         0         0         0         0         0         0         0         0         0         0         0         0         0         0
        0         0         0         0         0         0         0         0         0         0         0         0         0         0         0         0         0         0         0         0         0         0         0         0         0         0         0         0
        0         0         0         0         0         0         0         0         0         0         0         0         0         0         0         0         0         0         0         0         0         0         0         0         0         0         0         0
        0         0         0         0         0         0         0         0         0         0         0         0         0         0         0         0         0         0         0         0         0         0         0         0         0         0         0         0
        0         0         0         0         0         0         0         0         0         0         0         0 -0.165962 -0.165962 -0.165962 -0.165962 -0.165962 -0.165962 -0.165962         0         0         0         0         0         0         0         0         0
        0         0         0         0         0         0         0         0         0         0         0         0 -0.165962 -0.165962 -0.165962 -0.165962 -0.165962 -0.165962 -0.165962 -0.165962 -0.165962         0         0         0         0         0         0         0
        0         0         0         0         0         0         0         0         0         0         0 -0.165962 -0.165962 -0.165962 -0.165962 -0.165962 -0.165962 -0.165962 -0.165962 -0.165962 -0.165962 -0.165962         0         0         0         0         0         0
        0         0         0         0         0         0         0         0         0         0         0         0 -0.165962 -0.165962 -0.165962 -0.165962 -0.165962 -0.165962 -0.165962 -0.165962 -0.165962 -0.165962         0         0         0         0         0         0
        0         0         0         0         0         0         0         0         0         0         0         0         0         0         0         0         0         0         0 -0.165962 -0.165962 -0.165962         0         0         0         0         0         0
        0         0         0         0         0         0         0         0         0         0         0         0         0         0         0         0         0         0 -0.165962 -0.165962 -0.165962 -0.165962         0         0         0         0         0         0
        0         0         0         0         0         0         0         0         0         0         0         0         0         0         0         0         0 -0.165962 -0.165962 -0.165962 -0.165962 -0.165962         0         0         0         0         0         0
        0         0         0         0         0         0         0         0         0         0         0         0         0         0         0 -0.165962 -0.165962 -0.165962 -0.165962 -0.165962 -0.165962 -0.165962         0         0         0         0         0         0
        0         0         0         0         0         0         0         0         0         0         0 -0.165962 -0.165962 -0.165962 -0.165962 -0.165962 -0.165962 -0.165962 -0.165962 -0.165962         0         0         0         0         0         0         0         0
        0         0         0         0         0         0         0         0         0         0 -0.165962 -0.165962 -0.165962 -0.165962 -0.165962 -0.165962 -0.165962 -0.165962 -0.165962         0         0         0         0         0         0         0         0         0
        0         0         0         0         0         0         0         0         0         0         0 -0.165962 -0.165962 -0.165962 -0.165962 -0.165962 -0.165962 -0.165962         0         0         0         0         0         0         0         0         0         0
        0         0         0         0         0         0         0         0         0         0         0         0         0         0         0 -0.165962 -0.165962 -0.165962 -0.165962         0         0         0         0         0         0         0         0         0
        0         0         0         0         0         0         0         0         0         0         0         0         0         0         0         0 -0.165962 -0.165962 -0.165962         0         0         0         0         0         0         0         0         0
        0         0         0         0         0         0         0         0         0         0         0         0         0         0         0         0 -0.165962 -0.165962 -0.165962         0         0         0         0         0         0         0         0         0
        0         0         0         0         0 -0.165962 -0.165962 -0.165962         0         0         0         0         0         0         0         0 -0.165962 -0.165962 -0.165962         0         0         0         0         0         0         0         0         0
        0         0         0         0 -0.165962 -0.165962 -0.165962 -0.165962         0         0         0         0         0         0         0         0 -0.165962 -0.165962 -0.165962         0         0         0         0         0         0         0         0         0
        0         0         0         0 -0.165962 -0.165962 -0.165962 -0.165962 -0.165962         0         0         0         0         0         0 -0.165962 -0.165962 -0.165962         0         0         0         0         0         0         0         0         0         0
        0         0         0         0 -0.165962 -0.165962 -0.165962 -0.165962 -0.165962 -0.165962 -0.165962 -0.165962 -0.165962 -0.165962 -0.165962 -0.165962 -0.165962 -0.165962         0         0         0         0         0         0         0         0         0         0
        0         0         0         0 -0.165962 -0.165962 -0.165962 -0.165962 -0.165962 -0.165962 -0.165962 -0.165962 -0.165962 -0.165962 -0.165962 -0.165962 -0.165962 -0.165962         0         0         0         0         0         0         0         0         0         0
        0         0         0         0         0         0 -0.165962 -0.165962 -0.165962 -0.165962 -0.165962 -0.165962 -0.165962 -0.165962 -0.165962 -0.165962 -0.165962         0         0         0         0         0         0         0         0         0         0         0
        0         0         0         0         0         0         0         0         0         0         0         0         0         0         0         0         0         0         0         0         0         0         0         0         0         0         0         0
        0         0         0         0         0         0         0         0         0         0         0         0         0         0         0         0         0         0         0         0         0         0         0         0         0         0         0         0
        0         0         0         0         0         0         0         0         0         0         0         0         0         0         0         0         0         0         0         0         0         0         0         0         0         0         0         0
        0         0         0         0         0         0         0         0         0         0         0         0         0         0         0         0         0         0         0         0         0         0         0         0         0         0         0         0


